./mainTSP -input data_light/pr76.tsp -setup_model 24 -randomseed 0 -v 1 -nthread 4 -time_limit 600 113769.0,52.331277
110880.0,52.332153
113385.0,52.333020
113803.0,52.333854
120148.0,52.334752
117689.0,52.335595
110203.0,52.336432
113845.0,52.337308
120093.0,52.338173
114491.0,52.339012
114491.0,259.303131
113803.0,259.304084
113845.0,259.304936
110880.0,259.305791
117689.0,259.306592
113385.0,259.307393
110203.0,259.308190
120093.0,259.309029
113769.0,259.309817
120148.0,259.310632
113845.0,307.789995
113769.0,307.790746
120093.0,307.791507
110880.0,307.792252
120148.0,307.793020
114491.0,307.793776
110203.0,307.794523
117689.0,307.795284
113803.0,307.796030
113385.0,307.796778
117689.0,559.318416
113803.0,559.319168
120093.0,559.319935
110880.0,559.320688
113385.0,559.321444
113769.0,559.322194
114491.0,559.322947
110203.0,559.323695
120148.0,559.324478
113845.0,559.325227
114491.0,659.644781
113385.0,659.645422
113845.0,659.646043
110203.0,659.646665
113769.0,659.647302
120148.0,659.647940
120093.0,659.648577
110880.0,659.649206
113803.0,659.649834
117689.0,659.650455
 ... Executed in 659.65 s, best_lb: 110203.0
