./mainTSP -input data_light/att48.tsp -setup_model 24 -randomseed 0 -v 1 -nthread 4 -time_limit 28000 10966.0,59.790520
11072.0,59.790620
11309.0,59.790712
11210.0,59.790801
11077.0,59.790893
11448.0,59.790984
11171.0,59.791076
10917.0,59.791165
11200.0,59.791259
11147.0,59.791349
11200.0,67.685587
10966.0,67.685684
10917.0,67.685774
11147.0,67.685870
11072.0,67.685960
11077.0,67.686051
11309.0,67.686141
11171.0,67.686235
11448.0,67.686326
11210.0,67.686414
11077.0,75.103670
11147.0,75.103766
10917.0,75.103855
11200.0,75.103949
11309.0,75.104040
11210.0,75.104129
11072.0,75.104219
11448.0,75.104310
10966.0,75.104401
11171.0,75.104492
11077.0,105.700060
10917.0,105.700182
10966.0,105.700307
11147.0,105.700423
11072.0,105.700537
11200.0,105.700650
11210.0,105.700756
11448.0,105.700867
11309.0,105.700980
11171.0,105.701097
10917.0,113.450574
11200.0,113.450686
11077.0,113.450790
11448.0,113.450892
11147.0,113.450995
11210.0,113.451094
11309.0,113.451196
11171.0,113.451298
11072.0,113.451400
10966.0,113.451502
10966.0,351.018459
11210.0,351.018548
11072.0,351.018633
11200.0,351.018716
11309.0,351.018801
11077.0,351.018887
10917.0,351.018970
11171.0,351.019059
11448.0,351.019144
11147.0,351.019228
11210.0,370.879145
11077.0,370.879234
10966.0,370.879320
11200.0,370.879403
10917.0,370.879486
11171.0,370.879575
11448.0,370.879659
11072.0,370.879743
11309.0,370.879827
11147.0,370.879911
11171.0,423.559402
11448.0,423.559491
11200.0,423.559576
10917.0,423.559660
11147.0,423.559748
10966.0,423.559834
11210.0,423.559917
11072.0,423.560001
11077.0,423.560087
11309.0,423.560170
11210.0,467.168867
11072.0,467.168957
10966.0,467.169046
11200.0,467.169133
11171.0,467.169221
10917.0,467.169307
11448.0,467.169399
11077.0,467.169487
11309.0,467.169574
11147.0,467.169661
11072.0,475.156446
10917.0,475.156532
11309.0,475.156621
11077.0,475.156706
11210.0,475.156788
10966.0,475.156874
11448.0,475.156958
11200.0,475.157042
11147.0,475.157126
11171.0,475.157211
11200.0,491.831207
11171.0,491.831300
11077.0,491.831390
11309.0,491.831478
11072.0,491.831565
11147.0,491.831652
11448.0,491.831740
11210.0,491.831826
10966.0,491.831914
10917.0,491.832001
11448.0,499.180407
10966.0,499.180499
11200.0,499.180586
11171.0,499.180675
11072.0,499.180762
10917.0,499.180848
11210.0,499.180937
11077.0,499.181026
11147.0,499.181113
11309.0,499.181200
11200.0,524.630159
11210.0,524.630250
11072.0,524.630338
11309.0,524.630425
10917.0,524.630512
10966.0,524.630605
11171.0,524.630692
11147.0,524.630780
11448.0,524.630868
11077.0,524.630957
11147.0,546.382638
11210.0,546.382726
11072.0,546.382811
10917.0,546.382894
11448.0,546.382983
10966.0,546.383069
11309.0,546.383153
11200.0,546.383237
11171.0,546.383322
11077.0,546.383407
11072.0,559.869853
11147.0,559.869944
11171.0,559.870033
10966.0,559.870122
11309.0,559.870212
11448.0,559.870299
11077.0,559.870387
11210.0,559.870473
10917.0,559.870558
11200.0,559.870648
11077.0,600.387223
11200.0,600.387310
11147.0,600.387396
11171.0,600.387482
11210.0,600.387564
10917.0,600.387648
11072.0,600.387736
11309.0,600.387821
10966.0,600.387907
11448.0,600.387992
11448.0,719.015963
11147.0,719.016054
10917.0,719.016140
11210.0,719.016230
11072.0,719.016316
11077.0,719.016405
11171.0,719.016492
10966.0,719.016581
11200.0,719.016666
11309.0,719.016754
11077.0,731.363956
11147.0,731.364046
11448.0,731.364132
11171.0,731.364217
11210.0,731.364299
11309.0,731.364384
10917.0,731.364466
10966.0,731.364556
11200.0,731.364639
11072.0,731.364723
11210.0,820.115030
11077.0,820.115123
11072.0,820.115211
10917.0,820.115298
11309.0,820.115389
11448.0,820.115477
10966.0,820.115566
11147.0,820.115654
11200.0,820.115740
11171.0,820.115827
11171.0,1130.655685
10966.0,1130.655774
11200.0,1130.655857
11147.0,1130.655942
11077.0,1130.656027
11210.0,1130.656109
11448.0,1130.656194
11309.0,1130.656278
11072.0,1130.656362
10917.0,1130.656445
11448.0,1140.651512
11210.0,1140.651598
11200.0,1140.651681
11077.0,1140.651767
10917.0,1140.651850
10966.0,1140.651939
11309.0,1140.652024
11072.0,1140.652108
11171.0,1140.652193
11147.0,1140.652277
10917.0,1216.580368
11448.0,1216.580460
10966.0,1216.580546
11147.0,1216.580630
11072.0,1216.580714
11200.0,1216.580798
11077.0,1216.580916
11171.0,1216.581002
11309.0,1216.581086
11210.0,1216.581168
11077.0,1236.956844
11200.0,1236.956931
11448.0,1236.957016
11147.0,1236.957101
11210.0,1236.957184
10917.0,1236.957267
11171.0,1236.957356
10966.0,1236.957441
11309.0,1236.957525
11072.0,1236.957609
11147.0,1263.776698
11077.0,1263.776791
10966.0,1263.776880
11171.0,1263.776968
10917.0,1263.777054
11448.0,1263.777146
11200.0,1263.777232
11072.0,1263.777319
11309.0,1263.777406
11210.0,1263.777491
11210.0,1269.430973
10966.0,1269.431065
11448.0,1269.431154
11077.0,1269.431242
11171.0,1269.431330
11309.0,1269.431418
11072.0,1269.431505
11200.0,1269.431592
11147.0,1269.431681
10917.0,1269.431766
11210.0,1296.539733
10966.0,1296.539823
11200.0,1296.539906
11309.0,1296.539991
11147.0,1296.540076
11448.0,1296.540161
11171.0,1296.540246
11077.0,1296.540332
11072.0,1296.540416
10917.0,1296.540499
11147.0,1355.892467
11448.0,1355.892559
11072.0,1355.892647
11171.0,1355.892735
10966.0,1355.892823
11200.0,1355.892909
11210.0,1355.892994
11077.0,1355.893083
10917.0,1355.893169
11309.0,1355.893261
11448.0,1364.742041
11171.0,1364.742135
11309.0,1364.742227
10966.0,1364.742315
11072.0,1364.742402
11147.0,1364.742490
10917.0,1364.742577
11200.0,1364.742668
11210.0,1364.742753
11077.0,1364.742841
11147.0,1464.585360
10966.0,1464.585451
11077.0,1464.585537
11072.0,1464.585621
11171.0,1464.585706
11210.0,1464.585788
11309.0,1464.585872
11200.0,1464.585956
10917.0,1464.586039
11448.0,1464.586127
11072.0,1473.907738
11210.0,1473.907827
10966.0,1473.907917
11309.0,1473.908005
11448.0,1473.908094
11147.0,1473.908182
10917.0,1473.908269
11200.0,1473.908360
11077.0,1473.908447
11171.0,1473.908536
11171.0,1626.490472
11077.0,1626.490561
11147.0,1626.490646
10966.0,1626.490731
11309.0,1626.490815
11200.0,1626.490898
11210.0,1626.490980
11072.0,1626.491064
11448.0,1626.491148
10917.0,1626.491231
11448.0,1648.270018
11077.0,1648.270110
11147.0,1648.270202
10917.0,1648.270288
11171.0,1648.270380
11210.0,1648.270465
11309.0,1648.270553
11072.0,1648.270639
10966.0,1648.270728
11200.0,1648.270814
11200.0,1662.546897
11210.0,1662.546983
11171.0,1662.547069
10966.0,1662.547155
11448.0,1662.547240
10917.0,1662.547323
11309.0,1662.547411
11147.0,1662.547496
11077.0,1662.547580
11072.0,1662.547664
10966.0,1669.007021
11072.0,1669.007112
11171.0,1669.007201
11448.0,1669.007289
11077.0,1669.007377
11200.0,1669.007463
10917.0,1669.007549
11147.0,1669.007640
11210.0,1669.007725
11309.0,1669.007811
11147.0,1684.377082
11200.0,1684.377169
10917.0,1684.377253
11077.0,1684.377342
11309.0,1684.377426
11210.0,1684.377508
11072.0,1684.377591
11448.0,1684.377676
11171.0,1684.377761
10966.0,1684.377845
11200.0,1747.757356
10917.0,1747.757444
11210.0,1747.757531
11309.0,1747.757615
10966.0,1747.757700
11077.0,1747.757784
11171.0,1747.757869
11448.0,1747.757953
11147.0,1747.758037
11072.0,1747.758121
11171.0,1772.869329
11309.0,1772.869421
11210.0,1772.869507
11200.0,1772.869594
11072.0,1772.869682
10966.0,1772.869770
11077.0,1772.869859
11147.0,1772.869947
10917.0,1772.870033
11448.0,1772.870125
11171.0,1785.192798
11200.0,1785.192888
10966.0,1785.192977
11077.0,1785.193066
11309.0,1785.193154
11147.0,1785.193241
10917.0,1785.193327
11072.0,1785.193418
11448.0,1785.193506
11210.0,1785.193591
11309.0,1799.060745
11147.0,1799.060834
11448.0,1799.060920
10966.0,1799.061005
11077.0,1799.061091
10917.0,1799.061174
11072.0,1799.061262
11200.0,1799.061345
11210.0,1799.061428
11171.0,1799.061512
11072.0,1874.109368
11147.0,1874.109457
11077.0,1874.109543
10966.0,1874.109629
11448.0,1874.109714
11200.0,1874.109797
11309.0,1874.109881
11210.0,1874.109962
10917.0,1874.110045
11171.0,1874.110133
11077.0,2115.986826
11072.0,2115.986917
11210.0,2115.987003
11309.0,2115.987091
10917.0,2115.987177
11147.0,2115.987270
10966.0,2115.987358
11171.0,2115.987446
11448.0,2115.987534
11200.0,2115.987620
11147.0,2146.302897
10966.0,2146.302985
11448.0,2146.303070
11171.0,2146.303155
11309.0,2146.303240
11072.0,2146.303324
10917.0,2146.303406
11200.0,2146.303493
11077.0,2146.303579
11210.0,2146.303660
11448.0,2181.758238
10966.0,2181.758364
11072.0,2181.758449
11210.0,2181.758532
11147.0,2181.758617
11171.0,2181.758702
11309.0,2181.758786
10917.0,2181.758870
11077.0,2181.758959
11200.0,2181.759042
10966.0,2349.330521
11200.0,2349.330612
11147.0,2349.330701
11309.0,2349.330788
11448.0,2349.330877
11072.0,2349.330963
11210.0,2349.331049
10917.0,2349.331135
11077.0,2349.331227
11171.0,2349.331316
11077.0,2375.143997
11448.0,2375.144087
10917.0,2375.144171
11309.0,2375.144260
11200.0,2375.144344
11171.0,2375.144429
11147.0,2375.144513
11072.0,2375.144598
10966.0,2375.144683
11210.0,2375.144765
11210.0,2384.468514
11147.0,2384.468608
11448.0,2384.468700
11171.0,2384.468792
10917.0,2384.468881
11072.0,2384.468976
11200.0,2384.469065
11309.0,2384.469156
11077.0,2384.469247
10966.0,2384.469339
10966.0,2397.090627
11309.0,2397.090716
11448.0,2397.090802
11200.0,2397.090885
11171.0,2397.090970
11147.0,2397.091055
11210.0,2397.091137
11077.0,2397.091222
11072.0,2397.091306
10917.0,2397.091388
11072.0,2418.726211
11309.0,2418.726299
11210.0,2418.726382
11448.0,2418.726467
10966.0,2418.726552
11171.0,2418.726636
11200.0,2418.726720
11147.0,2418.726804
10917.0,2418.726886
11077.0,2418.726975
11448.0,2427.577246
11210.0,2427.577332
11171.0,2427.577417
11309.0,2427.577501
11072.0,2427.577585
11077.0,2427.577670
10966.0,2427.577755
10917.0,2427.577838
11200.0,2427.577925
11147.0,2427.578010
11210.0,2433.367978
10966.0,2433.368067
10917.0,2433.368150
11200.0,2433.368237
11072.0,2433.368321
11171.0,2433.368406
11448.0,2433.368490
11147.0,2433.368575
11309.0,2433.368659
11077.0,2433.368744
10966.0,2438.141698
10917.0,2438.141786
11077.0,2438.141877
11448.0,2438.141963
11171.0,2438.142049
11309.0,2438.142134
11072.0,2438.142221
11200.0,2438.142304
11147.0,2438.142388
11210.0,2438.142470
11309.0,2467.477570
11448.0,2467.477659
11147.0,2467.477745
11072.0,2467.477830
11200.0,2467.477914
11210.0,2467.477996
11171.0,2467.478080
10966.0,2467.478166
10917.0,2467.478251
11077.0,2467.478340
11171.0,2482.642998
11147.0,2482.643088
11200.0,2482.643171
11210.0,2482.643254
11448.0,2482.643339
10917.0,2482.643422
11309.0,2482.643510
10966.0,2482.643595
11072.0,2482.643679
11077.0,2482.643764
11200.0,2488.350480
11072.0,2488.350571
10917.0,2488.350658
11147.0,2488.350750
11448.0,2488.350838
11210.0,2488.350924
10966.0,2488.351012
11171.0,2488.351099
11309.0,2488.351186
11077.0,2488.351274
11147.0,2498.223423
11200.0,2498.223514
10966.0,2498.223603
11210.0,2498.223689
10917.0,2498.223775
11448.0,2498.223868
11171.0,2498.223955
11072.0,2498.224042
11077.0,2498.224130
11309.0,2498.224218
10966.0,2502.275567
11072.0,2502.275655
10917.0,2502.275738
11147.0,2502.275828
11171.0,2502.275913
11210.0,2502.275995
11309.0,2502.276080
11077.0,2502.276164
11200.0,2502.276248
11448.0,2502.276332
11448.0,2506.797094
10966.0,2506.797185
11210.0,2506.797268
11147.0,2506.797353
11171.0,2506.797438
11072.0,2506.797523
10917.0,2506.797606
11309.0,2506.797695
11200.0,2506.797778
11077.0,2506.797863
11309.0,2681.136807
11200.0,2681.136898
11448.0,2681.136988
11171.0,2681.137077
10966.0,2681.137165
11072.0,2681.137253
11147.0,2681.137340
11210.0,2681.137425
11077.0,2681.137513
10917.0,2681.137598
11147.0,2724.182355
11309.0,2724.182445
11210.0,2724.182532
10966.0,2724.182621
10917.0,2724.182707
11072.0,2724.182799
11077.0,2724.182887
11200.0,2724.182974
11171.0,2724.183061
11448.0,2724.183150
11210.0,2731.567681
10966.0,2731.567772
11200.0,2731.567856
11147.0,2731.567941
11448.0,2731.568026
11077.0,2731.568112
11171.0,2731.568197
11309.0,2731.568282
11072.0,2731.568367
10917.0,2731.568450
10966.0,2795.074681
11210.0,2795.074768
11171.0,2795.074854
11072.0,2795.074939
11147.0,2795.075024
10917.0,2795.075108
11200.0,2795.075196
11309.0,2795.075280
11077.0,2795.075366
11448.0,2795.075451
11309.0,2816.459451
11171.0,2816.459544
10966.0,2816.459632
11147.0,2816.459721
11077.0,2816.459809
11448.0,2816.459897
11072.0,2816.459984
10917.0,2816.460070
11200.0,2816.460161
11210.0,2816.460246
11309.0,2884.172299
11147.0,2884.172388
11072.0,2884.172473
10917.0,2884.172556
11171.0,2884.172646
11077.0,2884.172731
11200.0,2884.172846
10966.0,2884.172932
11448.0,2884.173016
11210.0,2884.173099
11200.0,2939.547887
11448.0,2939.547976
10966.0,2939.548062
11171.0,2939.548147
11309.0,2939.548231
11147.0,2939.548316
10917.0,2939.548399
11210.0,2939.548485
11077.0,2939.548570
11072.0,2939.548654
10966.0,2942.936201
11072.0,2942.936289
11171.0,2942.936375
11200.0,2942.936459
11448.0,2942.936545
11147.0,2942.936630
11077.0,2942.936716
11210.0,2942.936799
11309.0,2942.936883
10917.0,2942.936966
11147.0,3068.029703
11309.0,3068.029797
11448.0,3068.029885
11171.0,3068.029974
11200.0,3068.030060
11077.0,3068.030148
10966.0,3068.030239
11072.0,3068.030327
11210.0,3068.030412
10917.0,3068.030498
10917.0,3075.921418
11147.0,3075.921515
11309.0,3075.921604
10966.0,3075.921692
11077.0,3075.921780
11171.0,3075.921868
11200.0,3075.921955
11072.0,3075.922042
11448.0,3075.922129
11210.0,3075.922217
11072.0,3099.476980
11309.0,3099.477069
11448.0,3099.477154
10966.0,3099.477240
10917.0,3099.477324
11200.0,3099.477411
11210.0,3099.477494
11077.0,3099.477579
11171.0,3099.477664
11147.0,3099.477748
11147.0,3109.822026
10966.0,3109.822116
11448.0,3109.822204
11309.0,3109.822289
11077.0,3109.822375
10917.0,3109.822458
11171.0,3109.822547
11200.0,3109.822630
11210.0,3109.822713
11072.0,3109.822797
11072.0,3139.236875
11077.0,3139.236968
11309.0,3139.237056
11210.0,3139.237142
10917.0,3139.237228
11200.0,3139.237319
11171.0,3139.237407
11448.0,3139.237495
10966.0,3139.237583
11147.0,3139.237671
10917.0,3191.250388
10966.0,3191.250482
11210.0,3191.250566
11171.0,3191.250651
11448.0,3191.250736
11072.0,3191.250821
11309.0,3191.250905
11077.0,3191.250990
11200.0,3191.251073
11147.0,3191.251158
11072.0,3196.682904
11147.0,3196.682992
11200.0,3196.683076
10966.0,3196.683161
11309.0,3196.683245
10917.0,3196.683328
11210.0,3196.683414
11171.0,3196.683499
11077.0,3196.683584
11448.0,3196.683668
11171.0,3214.786273
10966.0,3214.786362
11077.0,3214.786448
11147.0,3214.786533
11072.0,3214.786617
10917.0,3214.786700
11309.0,3214.786788
11448.0,3214.786873
11210.0,3214.786955
11200.0,3214.787038
11309.0,4163.619786
11448.0,4163.619879
11171.0,4163.619967
10966.0,4163.620056
11072.0,4163.620143
11147.0,4163.620231
11077.0,4163.620319
11210.0,4163.620404
10917.0,4163.620489
11200.0,4163.620579
11309.0,4209.409612
10917.0,4209.409702
11072.0,4209.409794
11200.0,4209.409881
11210.0,4209.409966
11448.0,4209.410054
11077.0,4209.410142
11147.0,4209.410232
11171.0,4209.410320
10966.0,4209.410408
11210.0,4226.401984
11147.0,4226.402072
11072.0,4226.402157
11448.0,4226.402245
10966.0,4226.402331
11077.0,4226.402417
11171.0,4226.402502
11200.0,4226.402586
11309.0,4226.402670
10917.0,4226.402753
11147.0,4249.517740
11210.0,4249.517827
10917.0,4249.517911
10966.0,4249.518001
11171.0,4249.518086
11077.0,4249.518171
11072.0,4249.518258
11200.0,4249.518342
11309.0,4249.518426
11448.0,4249.518511
11200.0,4259.845004
10917.0,4259.845091
11077.0,4259.845181
11210.0,4259.845264
10966.0,4259.845349
11309.0,4259.845434
11147.0,4259.845519
11072.0,4259.845603
11448.0,4259.845687
11171.0,4259.845772
11072.0,4264.151426
11171.0,4264.151519
11147.0,4264.151608
11448.0,4264.151696
11077.0,4264.151783
10917.0,4264.151870
11309.0,4264.151961
10966.0,4264.152049
11210.0,4264.152147
11200.0,4264.152230
11171.0,4273.195768
11077.0,4273.195857
11200.0,4273.195941
11147.0,4273.196025
10917.0,4273.196108
11309.0,4273.196196
11210.0,4273.196278
10966.0,4273.196363
11448.0,4273.196447
11072.0,4273.196531
11072.0,4279.663730
11448.0,4279.663819
10966.0,4279.663906
11210.0,4279.663988
11077.0,4279.664074
11147.0,4279.664158
11200.0,4279.664242
10917.0,4279.664325
11309.0,4279.664414
11171.0,4279.664498
11210.0,4308.733723
10917.0,4308.733811
11200.0,4308.733899
10966.0,4308.733986
11147.0,4308.734071
11077.0,4308.734157
11171.0,4308.734244
11309.0,4308.734329
11072.0,4308.734413
11448.0,4308.734498
11072.0,5577.100064
10966.0,5577.100154
10917.0,5577.100237
11171.0,5577.100327
11210.0,5577.100409
11309.0,5577.100493
11448.0,5577.100577
11077.0,5577.100662
11200.0,5577.100745
11147.0,5577.100828
10966.0,5871.179759
11309.0,5871.179882
11171.0,5871.179968
11077.0,5871.180054
11072.0,5871.180138
11200.0,5871.180222
11147.0,5871.180307
11210.0,5871.180388
10917.0,5871.180472
11448.0,5871.180560
10966.0,5881.720648
11200.0,5881.720736
11147.0,5881.720822
11448.0,5881.720906
11077.0,5881.720992
11072.0,5881.721076
11210.0,5881.721158
10917.0,5881.721242
11171.0,5881.721331
11309.0,5881.721414
11147.0,5947.553509
11072.0,5947.553599
11448.0,5947.553684
10966.0,5947.553770
11171.0,5947.553855
10917.0,5947.553938
11210.0,5947.554024
11309.0,5947.554109
11077.0,5947.554197
11200.0,5947.554280
10966.0,5953.582732
11210.0,5953.582819
11200.0,5953.582903
11072.0,5953.582987
11448.0,5953.583072
11171.0,5953.583157
11147.0,5953.583242
11309.0,5953.583327
10917.0,5953.583409
11077.0,5953.583498
10917.0,5981.611161
11210.0,5981.611251
10966.0,5981.611336
11072.0,5981.611421
11309.0,5981.611506
11200.0,5981.611589
11147.0,5981.611674
11448.0,5981.611759
11077.0,5981.611843
11171.0,5981.611928
11072.0,5985.225014
11200.0,5985.225103
11171.0,5985.225189
11309.0,5985.225273
11448.0,5985.225358
10966.0,5985.225444
11210.0,5985.225526
11147.0,5985.225610
10917.0,5985.225693
11077.0,5985.225781
11077.0,6058.708925
10917.0,6058.709014
11448.0,6058.709106
11072.0,6058.709193
11171.0,6058.709281
11210.0,6058.709366
11147.0,6058.709454
11200.0,6058.709539
10966.0,6058.709627
11309.0,6058.709714
10917.0,6140.568045
11077.0,6140.568141
10966.0,6140.568230
11147.0,6140.568318
11072.0,6140.568404
11448.0,6140.568493
11309.0,6140.568580
11210.0,6140.568665
11200.0,6140.568751
11171.0,6140.568839
11171.0,6180.188619
11210.0,6180.188709
11072.0,6180.188797
11200.0,6180.188884
11077.0,6180.188973
11309.0,6180.189060
11147.0,6180.189148
10917.0,6180.189234
11448.0,6180.189327
10966.0,6180.189415
11171.0,6225.371895
10966.0,6225.371984
11147.0,6225.372069
10917.0,6225.372153
11077.0,6225.372242
11309.0,6225.372326
11210.0,6225.372409
11448.0,6225.372494
11200.0,6225.372577
11072.0,6225.372662
11210.0,6247.126206
11448.0,6247.126294
11309.0,6247.126380
11147.0,6247.126465
10917.0,6247.126548
11077.0,6247.126638
11200.0,6247.126722
11072.0,6247.126806
10966.0,6247.126891
11171.0,6247.126975
11309.0,6267.608528
11147.0,6267.608619
10917.0,6267.608703
11171.0,6267.608792
11448.0,6267.608876
11200.0,6267.608959
11077.0,6267.609044
11210.0,6267.609126
11072.0,6267.609210
10966.0,6267.609295
11200.0,6321.351212
10917.0,6321.351298
11147.0,6321.351388
11077.0,6321.351473
11171.0,6321.351558
11210.0,6321.351640
11072.0,6321.351724
11448.0,6321.351809
10966.0,6321.351894
11309.0,6321.351978
11210.0,6336.539851
11171.0,6336.539939
11147.0,6336.540025
10966.0,6336.540110
11200.0,6336.540193
11309.0,6336.540277
11448.0,6336.540362
11072.0,6336.540445
11077.0,6336.540530
10917.0,6336.540612
11171.0,6350.902254
10917.0,6350.902341
11309.0,6350.902430
10966.0,6350.902516
11147.0,6350.902600
11077.0,6350.902685
11200.0,6350.902768
11448.0,6350.902853
11072.0,6350.902935
11210.0,6350.903017
11171.0,6417.248400
11072.0,6417.248491
10917.0,6417.248577
11200.0,6417.248668
11448.0,6417.248756
11077.0,6417.248844
11309.0,6417.248931
11147.0,6417.249019
10966.0,6417.249107
11210.0,6417.249191
11072.0,6441.798700
11147.0,6441.798788
11200.0,6441.798872
11077.0,6441.798957
11171.0,6441.799042
10966.0,6441.799127
11210.0,6441.799209
11309.0,6441.799293
10917.0,6441.799376
11448.0,6441.799464
11077.0,6497.046396
11072.0,6497.046484
11448.0,6497.046569
11210.0,6497.046651
11200.0,6497.046735
11147.0,6497.046820
11171.0,6497.046905
10917.0,6497.046989
10966.0,6497.047078
11309.0,6497.047162
11077.0,6802.647737
11147.0,6802.647826
10917.0,6802.647910
11072.0,6802.647998
11309.0,6802.648082
11448.0,6802.648167
10966.0,6802.648252
11200.0,6802.648335
11171.0,6802.648420
11210.0,6802.648502
11147.0,6888.092535
11171.0,6888.092625
11309.0,6888.092709
11072.0,6888.092793
11210.0,6888.092875
11077.0,6888.092960
11200.0,6888.093044
10917.0,6888.093126
10966.0,6888.093215
11448.0,6888.093300
11171.0,6891.707005
11448.0,6891.707095
10966.0,6891.707184
11077.0,6891.707273
11072.0,6891.707360
11210.0,6891.707446
10917.0,6891.707560
11309.0,6891.707652
11200.0,6891.707738
11147.0,6891.707826
11171.0,6934.667453
11210.0,6934.667540
10966.0,6934.667625
11077.0,6934.667711
11072.0,6934.667795
11147.0,6934.667880
10917.0,6934.667963
11200.0,6934.668050
11309.0,6934.668134
11448.0,6934.668218
11171.0,6940.459393
11077.0,6940.459483
11147.0,6940.459568
10917.0,6940.459651
10966.0,6940.459740
11072.0,6940.459825
11448.0,6940.459910
11200.0,6940.459993
11210.0,6940.460076
11309.0,6940.460159
11072.0,6968.500012
11077.0,6968.500102
11309.0,6968.500186
11210.0,6968.500269
11448.0,6968.500354
10917.0,6968.500437
11200.0,6968.500524
11147.0,6968.500609
11171.0,6968.500693
10966.0,6968.500778
11210.0,6984.784866
11448.0,6984.784954
11200.0,6984.785039
11072.0,6984.785123
11171.0,6984.785209
11077.0,6984.785294
11309.0,6984.785377
10917.0,6984.785460
10966.0,6984.785549
11147.0,6984.785633
11171.0,7356.941849
10966.0,7356.941939
10917.0,7356.942022
11147.0,7356.942111
11200.0,7356.942197
11309.0,7356.942282
11448.0,7356.942367
11077.0,7356.942452
11210.0,7356.942534
11072.0,7356.942618
11147.0,7378.815370
11077.0,7378.815459
10917.0,7378.815543
11072.0,7378.815631
11200.0,7378.815714
11210.0,7378.815797
11448.0,7378.815882
11309.0,7378.815966
10966.0,7378.816051
11171.0,7378.816136
11072.0,7394.206369
11309.0,7394.206458
11077.0,7394.206545
11448.0,7394.206630
10966.0,7394.206715
11210.0,7394.206797
11147.0,7394.206883
10917.0,7394.206966
11171.0,7394.207055
11200.0,7394.207138
11147.0,7422.805312
11210.0,7422.805398
10966.0,7422.805484
11171.0,7422.805569
11448.0,7422.805654
10917.0,7422.805736
11200.0,7422.805824
11309.0,7422.805908
11072.0,7422.805992
11077.0,7422.806077
11171.0,7521.202145
10917.0,7521.202235
11077.0,7521.202325
11072.0,7521.202409
11200.0,7521.202493
11147.0,7521.202577
10966.0,7521.202663
11210.0,7521.202745
11309.0,7521.202830
11448.0,7521.202914
10917.0,7601.628800
11448.0,7601.628892
11077.0,7601.628978
11309.0,7601.629063
11171.0,7601.629147
10966.0,7601.629232
11147.0,7601.629317
11200.0,7601.629400
11072.0,7601.629484
11210.0,7601.629566
11077.0,7635.568205
11448.0,7635.568295
11147.0,7635.568380
11171.0,7635.568465
10917.0,7635.568549
10966.0,7635.568638
11210.0,7635.568720
11200.0,7635.568803
11072.0,7635.568887
11309.0,7635.568972
10966.0,7643.192320
11171.0,7643.192410
11200.0,7643.192494
11072.0,7643.192578
11210.0,7643.192660
11309.0,7643.192744
11448.0,7643.192829
11147.0,7643.192913
11077.0,7643.192998
10917.0,7643.193081
11147.0,7690.196971
11200.0,7690.197061
11077.0,7690.197147
11210.0,7690.197230
11072.0,7690.197314
11309.0,7690.197398
10917.0,7690.197481
11448.0,7690.197570
10966.0,7690.197656
11171.0,7690.197741
11147.0,7699.740345
11171.0,7699.740436
11210.0,7699.740519
11448.0,7699.740604
10917.0,7699.740686
11309.0,7699.740775
11072.0,7699.740859
10966.0,7699.740944
11200.0,7699.741027
11077.0,7699.741112
11200.0,7715.882356
11309.0,7715.882444
10966.0,7715.882530
11072.0,7715.882614
11147.0,7715.882699
11171.0,7715.882784
11210.0,7715.882866
11077.0,7715.882952
11448.0,7715.883037
10917.0,7715.883120
11200.0,7785.923568
11077.0,7785.923658
10917.0,7785.923741
11072.0,7785.923829
11309.0,7785.923914
11147.0,7785.923999
11210.0,7785.924081
11171.0,7785.924166
10966.0,7785.924251
11448.0,7785.924335
11072.0,7802.582035
11147.0,7802.582124
11309.0,7802.582211
11448.0,7802.582296
11077.0,7802.582382
11171.0,7802.582467
11210.0,7802.582549
10917.0,7802.582633
10966.0,7802.582722
11200.0,7802.582806
11147.0,7906.728379
11200.0,7906.728467
10917.0,7906.728551
10966.0,7906.728640
11448.0,7906.728726
11210.0,7906.728808
11077.0,7906.728893
11309.0,7906.728977
11171.0,7906.729062
11072.0,7906.729146
11077.0,7912.804668
10966.0,7912.804758
11200.0,7912.804841
11072.0,7912.804926
11171.0,7912.805010
11448.0,7912.805095
10917.0,7912.805179
11309.0,7912.805267
11147.0,7912.805351
11210.0,7912.805433
10917.0,7928.117194
11072.0,7928.117287
11171.0,7928.117373
11309.0,7928.117458
11448.0,7928.117543
10966.0,7928.117629
11200.0,7928.117712
11210.0,7928.117795
11077.0,7928.117880
11147.0,7928.117964
11147.0,7946.879901
11200.0,7946.879989
11448.0,7946.880074
11072.0,7946.880159
10917.0,7946.880242
11171.0,7946.880332
11210.0,7946.880414
11309.0,7946.880498
11077.0,7946.880583
10966.0,7946.880668
11171.0,7961.310619
11147.0,7961.310709
11210.0,7961.310792
10966.0,7961.310877
11077.0,7961.310963
11448.0,7961.311047
11309.0,7961.311132
10917.0,7961.311215
11072.0,7961.311303
11200.0,7961.311387
11200.0,8045.272039
11210.0,8045.272126
11147.0,8045.272212
11072.0,8045.272297
11077.0,8045.272382
10917.0,8045.272466
11448.0,8045.272555
10966.0,8045.272640
11309.0,8045.272724
11171.0,8045.272808
11309.0,8076.281154
11171.0,8076.281245
11077.0,8076.281335
11448.0,8076.281423
10917.0,8076.281508
11200.0,8076.281599
11210.0,8076.281684
11072.0,8076.281771
11147.0,8076.281858
10966.0,8076.281946
11448.0,8118.098871
11171.0,8118.098960
11210.0,8118.099043
10917.0,8118.099127
11147.0,8118.099216
11309.0,8118.099300
11200.0,8118.099384
11077.0,8118.099469
10966.0,8118.099554
11072.0,8118.099638
11171.0,8137.113347
10966.0,8137.113436
11210.0,8137.113519
11448.0,8137.113604
11200.0,8137.113687
11077.0,8137.113772
11147.0,8137.113856
10917.0,8137.113939
11309.0,8137.114027
11072.0,8137.114111
10966.0,8153.768226
11309.0,8153.768315
11210.0,8153.768398
11147.0,8153.768483
11171.0,8153.768568
11077.0,8153.768652
11200.0,8153.768736
11448.0,8153.768820
11072.0,8153.768905
10917.0,8153.768988
11210.0,8199.412067
11147.0,8199.412159
11200.0,8199.412246
11309.0,8199.412333
11077.0,8199.412421
11448.0,8199.412509
11171.0,8199.412597
10917.0,8199.412683
10966.0,8199.412775
11072.0,8199.412861
11200.0,8235.292630
11077.0,8235.292720
10966.0,8235.292806
11448.0,8235.292891
11210.0,8235.292973
11309.0,8235.293058
11072.0,8235.293141
11147.0,8235.293226
10917.0,8235.293309
11171.0,8235.293398
11448.0,8264.141218
11210.0,8264.141305
11309.0,8264.141390
10966.0,8264.141475
11171.0,8264.141559
11077.0,8264.141645
11072.0,8264.141728
10917.0,8264.141811
11147.0,8264.141899
11200.0,8264.141982
11171.0,8298.334502
11147.0,8298.334595
11072.0,8298.334684
10917.0,8298.334771
11077.0,8298.334863
10966.0,8298.334951
11309.0,8298.335039
11448.0,8298.335126
11200.0,8298.335212
11210.0,8298.335297
11072.0,8329.623489
10966.0,8329.623582
11077.0,8329.623671
11210.0,8329.623756
11147.0,8329.623844
11309.0,8329.623932
11448.0,8329.624020
10917.0,8329.624107
11200.0,8329.624198
11171.0,8329.624285
11210.0,8337.153889
11171.0,8337.153978
11200.0,8337.154063
11072.0,8337.154147
11147.0,8337.154235
11309.0,8337.154320
10917.0,8337.154404
10966.0,8337.154493
11077.0,8337.154579
11448.0,8337.154663
11147.0,8366.548846
11448.0,8366.548935
11309.0,8366.549019
10917.0,8366.549102
11171.0,8366.549191
10966.0,8366.549276
11072.0,8366.549360
11200.0,8366.549443
11210.0,8366.549525
11077.0,8366.549610
11210.0,8370.292029
11200.0,8370.292118
11171.0,8370.292205
11077.0,8370.292291
11147.0,8370.292376
11309.0,8370.292461
10966.0,8370.292546
11072.0,8370.292630
11448.0,8370.292715
10917.0,8370.292797
10917.0,8377.699707
11200.0,8377.699798
11072.0,8377.699883
11448.0,8377.699968
10966.0,8377.700053
11171.0,8377.700138
11210.0,8377.700220
11077.0,8377.700305
11147.0,8377.700389
11309.0,8377.700473
10917.0,8383.851801
11200.0,8383.851893
10966.0,8383.851979
11309.0,8383.852064
11210.0,8383.852147
11147.0,8383.852233
11171.0,8383.852318
11077.0,8383.852404
11072.0,8383.852488
11448.0,8383.852573
11210.0,8400.477482
11077.0,8400.477575
11200.0,8400.477662
11147.0,8400.477750
11309.0,8400.477837
10966.0,8400.477925
11072.0,8400.478012
10917.0,8400.478098
11448.0,8400.478192
11171.0,8400.478279
11072.0,8408.315508
11171.0,8408.315596
11309.0,8408.315682
11210.0,8408.315764
11147.0,8408.315849
11077.0,8408.315935
10917.0,8408.316018
11448.0,8408.316107
11200.0,8408.316190
10966.0,8408.316275
11171.0,8444.492541
10966.0,8444.492631
11200.0,8444.492715
11072.0,8444.492799
11448.0,8444.492884
11210.0,8444.492967
11147.0,8444.493051
11077.0,8444.493135
10917.0,8444.493218
11309.0,8444.493306
11171.0,8505.392966
10966.0,8505.393055
11210.0,8505.393138
11147.0,8505.393223
11448.0,8505.393316
11200.0,8505.393435
11077.0,8505.393521
11072.0,8505.393604
11309.0,8505.393688
10917.0,8505.393770
11171.0,8516.024701
11309.0,8516.024792
10966.0,8516.024881
11448.0,8516.024970
10917.0,8516.025057
11072.0,8516.025148
11210.0,8516.025233
11147.0,8516.025321
11200.0,8516.025407
11077.0,8516.025495
11072.0,8530.968438
11171.0,8530.968529
11210.0,8530.968612
11147.0,8530.968696
10966.0,8530.968782
11448.0,8530.968867
11200.0,8530.968951
11077.0,8530.969036
10917.0,8530.969120
11309.0,8530.969208
10917.0,8568.687352
10966.0,8568.687448
11171.0,8568.687537
11210.0,8568.687623
11309.0,8568.687710
11077.0,8568.687798
11200.0,8568.687884
11448.0,8568.687972
11072.0,8568.688059
11147.0,8568.688146
11072.0,8580.208888
11147.0,8580.208977
11309.0,8580.209062
10917.0,8580.209146
11171.0,8580.209235
10966.0,8580.209321
11077.0,8580.209406
11210.0,8580.209488
11448.0,8580.209572
11200.0,8580.209655
11200.0,8587.762336
10917.0,8587.762428
10966.0,8587.762521
11171.0,8587.762609
11077.0,8587.762698
11309.0,8587.762785
11072.0,8587.762872
11448.0,8587.762959
11210.0,8587.763045
11147.0,8587.763133
11448.0,8605.364992
11077.0,8605.365081
11171.0,8605.365167
11200.0,8605.365251
11210.0,8605.365333
11147.0,8605.365418
10966.0,8605.365503
11072.0,8605.365587
11309.0,8605.365672
10917.0,8605.365755
10966.0,8661.347232
11072.0,8661.347321
11147.0,8661.347406
10917.0,8661.347489
11171.0,8661.347579
11210.0,8661.347661
11200.0,8661.347745
11448.0,8661.347830
11077.0,8661.347915
11309.0,8661.348000
11077.0,8698.573747
10917.0,8698.573836
11072.0,8698.573928
10966.0,8698.574016
11309.0,8698.574103
11147.0,8698.574194
11448.0,8698.574282
11200.0,8698.574368
11171.0,8698.574455
11210.0,8698.574540
11210.0,8716.211370
11147.0,8716.211462
11072.0,8716.211551
11309.0,8716.211639
10917.0,8716.211724
11077.0,8716.211816
10966.0,8716.211905
11200.0,8716.211991
11171.0,8716.212079
11448.0,8716.212166
11077.0,8781.685508
10966.0,8781.685599
11147.0,8781.685688
11210.0,8781.685774
11309.0,8781.685862
11448.0,8781.685950
11171.0,8781.686038
10917.0,8781.686124
11072.0,8781.686218
11200.0,8781.686304
11210.0,8949.780794
11448.0,8949.780885
11309.0,8949.780970
11072.0,8949.781055
11147.0,8949.781140
11077.0,8949.781225
11200.0,8949.781309
10917.0,8949.781392
11171.0,8949.781481
10966.0,8949.781566
11147.0,8953.910002
11077.0,8953.910091
10966.0,8953.910176
11072.0,8953.910263
10917.0,8953.910346
11210.0,8953.910432
11309.0,8953.910517
11171.0,8953.910601
11200.0,8953.910684
11448.0,8953.910769
11072.0,9099.855935
11171.0,9099.856025
11147.0,9099.856111
11210.0,9099.856194
11309.0,9099.856278
11448.0,9099.856363
10917.0,9099.856446
10966.0,9099.856535
11077.0,9099.856620
11200.0,9099.856703
11072.0,9109.093866
11077.0,9109.093956
11171.0,9109.094041
11309.0,9109.094126
10917.0,9109.094212
10966.0,9109.094301
11147.0,9109.094386
11448.0,9109.094471
11210.0,9109.094553
11200.0,9109.094636
11448.0,9115.583579
11077.0,9115.583671
11171.0,9115.583760
11072.0,9115.583847
11309.0,9115.583934
10917.0,9115.584021
11200.0,9115.584111
11210.0,9115.584196
11147.0,9115.584284
10966.0,9115.584372
10966.0,9142.725286
11200.0,9142.725373
11210.0,9142.725456
11309.0,9142.725542
11077.0,9142.725628
11448.0,9142.725712
10917.0,9142.725795
11072.0,9142.725883
11147.0,9142.725968
11171.0,9142.726053
10966.0,9161.027418
11448.0,9161.027510
11309.0,9161.027598
11072.0,9161.027685
11171.0,9161.027773
11147.0,9161.027861
11200.0,9161.027947
11210.0,9161.028032
10917.0,9161.028118
11077.0,9161.028210
10917.0,9166.721705
11200.0,9166.721797
11309.0,9166.721882
10966.0,9166.721967
11077.0,9166.722052
11171.0,9166.722136
11147.0,9166.722224
11210.0,9166.722306
11448.0,9166.722391
11072.0,9166.722474
11147.0,9207.777457
11171.0,9207.777552
11448.0,9207.777644
11309.0,9207.777735
11072.0,9207.777825
11200.0,9207.777915
11077.0,9207.778006
10917.0,9207.778095
10966.0,9207.778194
11210.0,9207.778283
11072.0,9224.568980
10966.0,9224.569071
11448.0,9224.569160
11147.0,9224.569248
11077.0,9224.569336
11210.0,9224.569422
11309.0,9224.569509
10917.0,9224.569595
11171.0,9224.569687
11200.0,9224.569773
11147.0,9264.660304
10966.0,9264.660393
11077.0,9264.660479
11072.0,9264.660563
11448.0,9264.660648
11200.0,9264.660732
11210.0,9264.660814
11171.0,9264.660899
10917.0,9264.660982
11309.0,9264.661070
11072.0,9278.696661
10917.0,9278.696748
11147.0,9278.696838
11077.0,9278.696923
11210.0,9278.697006
11171.0,9278.697091
10966.0,9278.697176
11309.0,9278.697259
11448.0,9278.697343
11200.0,9278.697426
11171.0,9281.165287
11072.0,9281.165375
11147.0,9281.165459
11077.0,9281.165544
11309.0,9281.165629
11200.0,9281.165713
11448.0,9281.165798
11210.0,9281.165880
10917.0,9281.165962
10966.0,9281.166051
10917.0,9301.938127
11210.0,9301.938219
11448.0,9301.938305
11171.0,9301.938391
11147.0,9301.938475
10966.0,9301.938561
11309.0,9301.938645
11072.0,9301.938729
11200.0,9301.938812
11077.0,9301.938897
10966.0,9391.889864
11200.0,9391.889952
11147.0,9391.890039
10917.0,9391.890123
11448.0,9391.890214
11171.0,9391.890300
11210.0,9391.890383
11072.0,9391.890467
11077.0,9391.890551
11309.0,9391.890636
11448.0,9445.226085
11077.0,9445.226177
11072.0,9445.226267
11200.0,9445.226354
11147.0,9445.226442
11309.0,9445.226530
11171.0,9445.226618
10966.0,9445.226706
11210.0,9445.226791
10917.0,9445.226877
11309.0,9478.566183
11147.0,9478.566275
11210.0,9478.566358
11171.0,9478.566443
11072.0,9478.566528
11077.0,9478.566613
10917.0,9478.566697
11448.0,9478.566786
11200.0,9478.566869
10966.0,9478.566954
11077.0,9493.229028
11309.0,9493.229119
11171.0,9493.229208
11147.0,9493.229296
11210.0,9493.229382
11448.0,9493.229470
10966.0,9493.229558
11072.0,9493.229645
10917.0,9493.229731
11200.0,9493.229822
11200.0,9616.389533
11171.0,9616.389622
11077.0,9616.389708
10966.0,9616.389793
11309.0,9616.389878
11448.0,9616.389963
11072.0,9616.390047
10917.0,9616.390130
11147.0,9616.390221
11210.0,9616.390303
10917.0,9627.076569
11171.0,9627.076664
11072.0,9627.076750
11448.0,9627.076835
11309.0,9627.076920
11077.0,9627.077006
11147.0,9627.077090
11200.0,9627.077174
10966.0,9627.077260
11210.0,9627.077342
10917.0,9635.198618
11171.0,9635.198712
11072.0,9635.198798
11448.0,9635.198883
11147.0,9635.198969
11077.0,9635.199054
11200.0,9635.199137
11210.0,9635.199219
11309.0,9635.199303
10966.0,9635.199388
11210.0,9641.329001
11147.0,9641.329090
11200.0,9641.329175
11072.0,9641.329259
10917.0,9641.329343
11448.0,9641.329432
11171.0,9641.329517
11077.0,9641.329603
10966.0,9641.329688
11309.0,9641.329770
11147.0,9648.547421
11309.0,9648.547510
11210.0,9648.547593
11448.0,9648.547678
11072.0,9648.547762
10917.0,9648.547845
10966.0,9648.547935
11171.0,9648.548020
11077.0,9648.548105
11200.0,9648.548188
11448.0,9742.694530
10966.0,9742.694620
11200.0,9742.694704
10917.0,9742.694788
11072.0,9742.694875
11147.0,9742.694960
11309.0,9742.695045
11171.0,9742.695130
11077.0,9742.695214
11210.0,9742.695297
11210.0,9761.072289
11448.0,9761.072378
11147.0,9761.072464
10917.0,9761.072547
11072.0,9761.072635
11077.0,9761.072720
11171.0,9761.072805
11309.0,9761.072890
10966.0,9761.072974
11200.0,9761.073057
11210.0,9777.104509
11171.0,9777.104601
11072.0,9777.104688
11147.0,9777.104776
10966.0,9777.104865
11200.0,9777.104952
11077.0,9777.105039
11448.0,9777.105127
10917.0,9777.105213
11309.0,9777.105304
11200.0,9796.544059
11077.0,9796.544151
11210.0,9796.544237
11448.0,9796.544326
11171.0,9796.544415
11309.0,9796.544502
10917.0,9796.544589
10966.0,9796.544682
11147.0,9796.544769
11072.0,9796.544855
11147.0,9821.788974
11171.0,9821.789065
11309.0,9821.789150
10917.0,9821.789233
10966.0,9821.789323
11200.0,9821.789406
11448.0,9821.789491
11077.0,9821.789577
11072.0,9821.789661
11210.0,9821.789742
11171.0,9827.743198
11309.0,9827.743287
11077.0,9827.743373
11200.0,9827.743457
10966.0,9827.743542
10917.0,9827.743625
11072.0,9827.743713
11448.0,9827.743798
11210.0,9827.743881
11147.0,9827.743965
11072.0,9889.904153
11147.0,9889.904242
10966.0,9889.904329
11309.0,9889.904413
10917.0,9889.904496
11200.0,9889.904584
11171.0,9889.904669
11210.0,9889.904752
11448.0,9889.904836
11077.0,9889.904921
11448.0,9899.125741
11309.0,9899.125833
11171.0,9899.125922
11210.0,9899.126007
10917.0,9899.126093
11147.0,9899.126224
11077.0,9899.126318
11200.0,9899.126408
11072.0,9899.126498
10966.0,9899.126590
11077.0,9932.160066
11309.0,9932.160154
10917.0,9932.160237
11171.0,9932.160327
10966.0,9932.160412
11200.0,9932.160495
11072.0,9932.160579
11448.0,9932.160663
11210.0,9932.160745
11147.0,9932.160829
11200.0,10129.895757
11448.0,10129.895848
11072.0,10129.895933
11077.0,10129.896018
11210.0,10129.896100
10917.0,10129.896183
11147.0,10129.896272
10966.0,10129.896357
11171.0,10129.896442
11309.0,10129.896526
11309.0,10154.476717
11448.0,10154.476805
11200.0,10154.476889
10917.0,10154.476972
11072.0,10154.477060
11210.0,10154.477143
11077.0,10154.477228
10966.0,10154.477314
11171.0,10154.477399
11147.0,10154.477483
11072.0,10342.525709
11448.0,10342.525799
11077.0,10342.525885
10966.0,10342.525971
11147.0,10342.526056
11210.0,10342.526138
11200.0,10342.526224
11309.0,10342.526309
10917.0,10342.526393
11171.0,10342.526482
11072.0,10359.636800
10966.0,10359.636889
11210.0,10359.636971
10917.0,10359.637054
11200.0,10359.637142
11147.0,10359.637227
11171.0,10359.637312
11448.0,10359.637397
11077.0,10359.637482
11309.0,10359.637567
11171.0,10376.339704
11077.0,10376.339793
10917.0,10376.339877
10966.0,10376.339968
11200.0,10376.340051
11210.0,10376.340134
11309.0,10376.340219
11147.0,10376.340304
11448.0,10376.340389
11072.0,10376.340473
10966.0,10384.820774
11077.0,10384.820863
11072.0,10384.820948
11147.0,10384.821033
11210.0,10384.821115
11309.0,10384.821200
11171.0,10384.821285
10917.0,10384.821367
11448.0,10384.821456
11200.0,10384.821540
11171.0,10414.693527
11077.0,10414.693616
11210.0,10414.693699
11147.0,10414.693785
10917.0,10414.693869
11309.0,10414.693958
11200.0,10414.694041
11072.0,10414.694125
11448.0,10414.694213
10966.0,10414.694298
10917.0,10875.656985
11077.0,10875.657079
11200.0,10875.657163
11309.0,10875.657248
11072.0,10875.657332
10966.0,10875.657417
11147.0,10875.657503
11210.0,10875.657585
11171.0,10875.657670
11448.0,10875.657755
11072.0,10890.991491
10917.0,10890.991579
11309.0,10890.991668
11171.0,10890.991753
11210.0,10890.991836
11200.0,10890.991919
11147.0,10890.992003
11077.0,10890.992088
10966.0,10890.992173
11448.0,10890.992257
11072.0,11011.384368
11309.0,11011.384458
11448.0,11011.384544
11147.0,11011.384629
11200.0,11011.384713
10917.0,11011.384797
11171.0,11011.384886
10966.0,11011.384970
11210.0,11011.385053
11077.0,11011.385137
11077.0,11017.137598
11309.0,11017.137688
11200.0,11017.137772
11448.0,11017.137857
11147.0,11017.137941
11210.0,11017.138023
11072.0,11017.138108
11171.0,11017.138195
10917.0,11017.138279
10966.0,11017.138368
11200.0,11019.286524
11077.0,11019.286612
11210.0,11019.286695
11309.0,11019.286780
11147.0,11019.286865
11072.0,11019.286950
10966.0,11019.287035
10917.0,11019.287118
11171.0,11019.287206
11448.0,11019.287290
11200.0,11036.119263
11171.0,11036.119352
11448.0,11036.119438
11309.0,11036.119523
11210.0,11036.119605
10966.0,11036.119690
11072.0,11036.119775
10917.0,11036.119859
11077.0,11036.119948
11147.0,11036.120033
11448.0,11088.417480
11210.0,11088.417566
11072.0,11088.417652
10917.0,11088.417735
11077.0,11088.417825
11147.0,11088.417910
11171.0,11088.417995
11309.0,11088.418080
11200.0,11088.418163
10966.0,11088.418250
10917.0,11353.588056
11200.0,11353.588151
11448.0,11353.588243
11210.0,11353.588328
11147.0,11353.588416
10966.0,11353.588504
11171.0,11353.588593
11072.0,11353.588680
11077.0,11353.588769
11309.0,11353.588856
11171.0,11494.245718
10917.0,11494.245808
11077.0,11494.245901
11309.0,11494.245989
11210.0,11494.246075
11448.0,11494.246163
10966.0,11494.246255
11147.0,11494.246343
11200.0,11494.246429
11072.0,11494.246516
10917.0,11558.628460
11072.0,11558.628552
11210.0,11558.628635
11147.0,11558.628721
10966.0,11558.628806
11200.0,11558.628889
11448.0,11558.628974
11171.0,11558.629059
11309.0,11558.629143
11077.0,11558.629228
11147.0,11563.023564
10917.0,11563.023651
11210.0,11563.023738
11171.0,11563.023823
11309.0,11563.023907
11448.0,11563.023992
11200.0,11563.024075
10966.0,11563.024161
11072.0,11563.024244
11077.0,11563.024329
10966.0,11602.735291
11448.0,11602.735413
11309.0,11602.735498
11210.0,11602.735581
10917.0,11602.735665
11077.0,11602.735754
11200.0,11602.735837
11072.0,11602.735922
11147.0,11602.736007
11171.0,11602.736091
10966.0,11694.192559
11448.0,11694.192650
11147.0,11694.192735
11309.0,11694.192820
11171.0,11694.192906
11210.0,11694.192989
11200.0,11694.193071
10917.0,11694.193154
11077.0,11694.193244
11072.0,11694.193328
11171.0,11727.375552
10917.0,11727.375640
11147.0,11727.375729
11077.0,11727.375814
11072.0,11727.375898
10966.0,11727.375983
11200.0,11727.376066
11309.0,11727.376150
11210.0,11727.376232
11448.0,11727.376316
11200.0,11754.547226
11171.0,11754.547315
11210.0,11754.547398
10917.0,11754.547482
11077.0,11754.547572
10966.0,11754.547657
11072.0,11754.547741
11448.0,11754.547826
11309.0,11754.547910
11147.0,11754.547994
10966.0,11779.948638
11210.0,11779.948725
11171.0,11779.948811
10917.0,11779.948894
11200.0,11779.948982
11448.0,11779.949067
11077.0,11779.949153
11309.0,11779.949237
11072.0,11779.949320
11147.0,11779.949405
11072.0,11807.828333
11448.0,11807.828423
10966.0,11807.828509
11171.0,11807.828594
11200.0,11807.828678
11210.0,11807.828760
11309.0,11807.828844
10917.0,11807.828926
11077.0,11807.829015
11147.0,11807.829099
10966.0,11933.453209
11210.0,11933.453297
11309.0,11933.453382
11448.0,11933.453466
10917.0,11933.453550
11171.0,11933.453638
11200.0,11933.453721
11077.0,11933.453806
11072.0,11933.453890
11147.0,11933.453974
11072.0,11960.812617
11448.0,11960.812707
11147.0,11960.812792
10966.0,11960.812879
11171.0,11960.812964
10917.0,11960.813047
11077.0,11960.813136
11210.0,11960.813218
11309.0,11960.813302
11200.0,11960.813386
11309.0,12049.919723
10917.0,12049.919810
11072.0,12049.919899
11448.0,12049.919984
11200.0,12049.920067
11077.0,12049.920152
11147.0,12049.920236
11171.0,12049.920321
11210.0,12049.920404
10966.0,12049.920488
11309.0,12059.257997
10966.0,12059.258087
11147.0,12059.258171
11171.0,12059.258260
11200.0,12059.258344
11210.0,12059.258426
11077.0,12059.258512
11072.0,12059.258596
11448.0,12059.258680
10917.0,12059.258764
11200.0,12139.282366
11072.0,12139.282455
11309.0,12139.282540
11147.0,12139.282625
10917.0,12139.282709
11077.0,12139.282798
11210.0,12139.282881
11448.0,12139.282966
11171.0,12139.283051
10966.0,12139.283135
11077.0,12168.397191
11210.0,12168.397277
11448.0,12168.397362
11072.0,12168.397447
11200.0,12168.397531
10966.0,12168.397616
10917.0,12168.397699
11147.0,12168.397787
11171.0,12168.397871
11309.0,12168.397955
11077.0,12228.039669
11200.0,12228.039761
10917.0,12228.039848
11147.0,12228.039940
11210.0,12228.040025
11072.0,12228.040112
10966.0,12228.040201
11171.0,12228.040288
11309.0,12228.040376
11448.0,12228.040463
11147.0,12239.420036
11171.0,12239.420124
11072.0,12239.420210
10917.0,12239.420293
11077.0,12239.420383
11200.0,12239.420467
11309.0,12239.420551
11448.0,12239.420636
11210.0,12239.420718
10966.0,12239.420803
10966.0,12255.080343
10917.0,12255.080433
11072.0,12255.080525
11448.0,12255.080613
11077.0,12255.080702
11147.0,12255.080789
11210.0,12255.080874
11309.0,12255.080961
11171.0,12255.081049
11200.0,12255.081135
11147.0,12653.116227
10966.0,12653.116319
11171.0,12653.116408
11200.0,12653.116494
11077.0,12653.116583
11210.0,12653.116668
11448.0,12653.116756
11072.0,12653.116844
11309.0,12653.116930
10917.0,12653.117017
11077.0,12767.250254
11309.0,12767.250342
11147.0,12767.250428
11200.0,12767.250512
11171.0,12767.250598
11072.0,12767.250682
10966.0,12767.250766
10917.0,12767.250850
11448.0,12767.250939
11210.0,12767.251022
11147.0,12772.716846
11309.0,12772.716936
10966.0,12772.717022
11077.0,12772.717107
11171.0,12772.717193
11072.0,12772.717277
11448.0,12772.717361
11200.0,12772.717444
11210.0,12772.717526
10917.0,12772.717608
11309.0,12789.769068
11210.0,12789.769157
10917.0,12789.769243
11171.0,12789.769335
11072.0,12789.769422
11448.0,12789.769510
11147.0,12789.769598
11077.0,12789.769687
11200.0,12789.769773
10966.0,12789.769861
11200.0,12794.687114
11448.0,12794.687203
11072.0,12794.687289
11210.0,12794.687371
11147.0,12794.687456
11309.0,12794.687541
10966.0,12794.687661
11077.0,12794.687746
10917.0,12794.687830
11171.0,12794.687919
11147.0,12870.857535
11072.0,12870.857625
11200.0,12870.857709
11210.0,12870.857792
11448.0,12870.857877
11309.0,12870.857962
11171.0,12870.858047
10966.0,12870.858132
10917.0,12870.858217
11077.0,12870.858306
11448.0,13073.397037
10917.0,13073.397124
11309.0,13073.397213
11072.0,13073.397297
11200.0,13073.397380
11210.0,13073.397462
11171.0,13073.397547
10966.0,13073.397632
11077.0,13073.397717
11147.0,13073.397802
10917.0,13083.937800
11147.0,13083.937895
11077.0,13083.937984
11171.0,13083.938072
10966.0,13083.938160
11200.0,13083.938249
11448.0,13083.938336
11072.0,13083.938423
11309.0,13083.938510
11210.0,13083.938595
10966.0,13093.040414
11147.0,13093.040504
11210.0,13093.040590
11309.0,13093.040678
11200.0,13093.040765
11077.0,13093.040853
10917.0,13093.040940
11072.0,13093.041031
11448.0,13093.041119
11171.0,13093.041207
11147.0,13107.072611
11210.0,13107.072698
11309.0,13107.072783
11171.0,13107.072868
11072.0,13107.072953
10966.0,13107.073039
11448.0,13107.073124
10917.0,13107.073207
11200.0,13107.073295
11077.0,13107.073379
11147.0,13128.784300
10917.0,13128.784387
10966.0,13128.784477
11171.0,13128.784562
11200.0,13128.784646
11448.0,13128.784731
11210.0,13128.784814
11077.0,13128.784899
11309.0,13128.784984
11072.0,13128.785069
11309.0,13136.295059
10966.0,13136.295149
11147.0,13136.295234
11171.0,13136.295319
11200.0,13136.295402
11448.0,13136.295487
11210.0,13136.295569
11077.0,13136.295654
10917.0,13136.295736
11072.0,13136.295824
10917.0,13153.062141
11448.0,13153.062236
11077.0,13153.062321
11147.0,13153.062406
11200.0,13153.062490
11171.0,13153.062575
11210.0,13153.062657
10966.0,13153.062742
11072.0,13153.062826
11309.0,13153.062909
10966.0,13170.654745
11072.0,13170.654833
11200.0,13170.654917
11077.0,13170.655003
10917.0,13170.655086
11448.0,13170.655175
11210.0,13170.655258
11171.0,13170.655343
11147.0,13170.655428
11309.0,13170.655512
11210.0,13191.910470
11171.0,13191.910564
11072.0,13191.910651
11448.0,13191.910740
11200.0,13191.910827
11077.0,13191.910916
11147.0,13191.911004
10966.0,13191.911092
10917.0,13191.911178
11309.0,13191.911270
11210.0,13276.612649
11309.0,13276.612740
11171.0,13276.612828
10917.0,13276.612915
11072.0,13276.613006
11077.0,13276.613094
11448.0,13276.613181
11147.0,13276.613269
10966.0,13276.613356
11200.0,13276.613442
11171.0,13290.516129
11200.0,13290.516219
11072.0,13290.516306
11309.0,13290.516394
11077.0,13290.516483
11448.0,13290.516571
11147.0,13290.516659
10966.0,13290.516748
11210.0,13290.516833
10917.0,13290.516919
11309.0,13357.358507
11171.0,13357.358596
11072.0,13357.358680
11077.0,13357.358766
11210.0,13357.358848
10917.0,13357.358931
11448.0,13357.359019
11147.0,13357.359104
11200.0,13357.359187
10966.0,13357.359272
11200.0,13368.013221
11147.0,13368.013309
11309.0,13368.013394
11072.0,13368.013478
11171.0,13368.013563
10917.0,13368.013646
10966.0,13368.013736
11077.0,13368.013821
11210.0,13368.013903
11448.0,13368.013987
11309.0,13401.020496
11210.0,13401.020584
11171.0,13401.020672
11077.0,13401.020760
11147.0,13401.020847
10917.0,13401.020933
11448.0,13401.021024
11072.0,13401.021111
11200.0,13401.021197
10966.0,13401.021285
11210.0,13410.081118
10966.0,13410.081206
11147.0,13410.081291
11171.0,13410.081376
11448.0,13410.081460
10917.0,13410.081543
11200.0,13410.081630
11077.0,13410.081714
11072.0,13410.081798
11309.0,13410.081882
10966.0,13479.685755
11210.0,13479.685845
11200.0,13479.685932
11171.0,13479.686021
10917.0,13479.686107
11077.0,13479.686203
11147.0,13479.686291
11072.0,13479.686378
11309.0,13479.686465
11448.0,13479.686552
11171.0,13549.569570
11072.0,13549.569658
11077.0,13549.569744
10966.0,13549.569830
11309.0,13549.569915
10917.0,13549.569998
11210.0,13549.570085
11200.0,13549.570168
11147.0,13549.570255
11448.0,13549.570340
11147.0,13647.188594
10966.0,13647.188684
11448.0,13647.188769
11200.0,13647.188853
11171.0,13647.188938
11309.0,13647.189022
10917.0,13647.189105
11077.0,13647.189193
11072.0,13647.189277
11210.0,13647.189359
11171.0,13696.164324
11309.0,13696.164446
11147.0,13696.164531
11077.0,13696.164617
11210.0,13696.164699
11448.0,13696.164784
10966.0,13696.164869
11200.0,13696.164952
11072.0,13696.165037
10917.0,13696.165119
10917.0,13706.984940
11200.0,13706.985032
11309.0,13706.985117
11171.0,13706.985203
11077.0,13706.985288
11448.0,13706.985373
11072.0,13706.985457
11147.0,13706.985542
10966.0,13706.985627
11210.0,13706.985709
11448.0,13718.515573
10966.0,13718.515665
11171.0,13718.515754
11200.0,13718.515840
10917.0,13718.515926
11309.0,13718.516018
11210.0,13718.516103
11072.0,13718.516190
11077.0,13718.516279
11147.0,13718.516367
10917.0,13728.570085
11171.0,13728.570177
11077.0,13728.570267
11210.0,13728.570349
11309.0,13728.570434
11072.0,13728.570518
10966.0,13728.570603
11147.0,13728.570687
11200.0,13728.570771
11448.0,13728.570855
11200.0,13747.336134
10917.0,13747.336221
11147.0,13747.336310
11171.0,13747.336396
10966.0,13747.336482
11077.0,13747.336567
11309.0,13747.336651
11448.0,13747.336736
11072.0,13747.336821
11210.0,13747.336903
11309.0,13753.329882
10917.0,13753.329969
11072.0,13753.330058
11171.0,13753.330143
11200.0,13753.330229
11448.0,13753.330314
11210.0,13753.330397
10966.0,13753.330482
11077.0,13753.330567
11147.0,13753.330651
11171.0,13830.534158
11448.0,13830.534249
11309.0,13830.534334
11210.0,13830.534417
11077.0,13830.534502
11200.0,13830.534585
10917.0,13830.534668
11072.0,13830.534756
11147.0,13830.534841
10966.0,13830.534925
10966.0,13834.564189
11072.0,13834.564278
10917.0,13834.564361
11200.0,13834.564449
11309.0,13834.564533
11171.0,13834.564619
11077.0,13834.564705
11448.0,13834.564789
11210.0,13834.564871
11147.0,13834.564956
11200.0,14047.778586
10966.0,14047.778677
10917.0,14047.778760
11171.0,14047.778850
11072.0,14047.778935
11210.0,14047.779017
11309.0,14047.779102
11147.0,14047.779187
11077.0,14047.779272
11448.0,14047.779357
10966.0,14064.703675
11171.0,14064.703764
11210.0,14064.703847
10917.0,14064.703930
11309.0,14064.704019
11077.0,14064.704105
11072.0,14064.704189
11147.0,14064.704273
11200.0,14064.704356
11448.0,14064.704440
10966.0,14068.761799
10917.0,14068.761885
11210.0,14068.761972
11200.0,14068.762055
11171.0,14068.762141
11448.0,14068.762228
11309.0,14068.762313
11147.0,14068.762398
11077.0,14068.762483
11072.0,14068.762567
11072.0,14079.521675
11147.0,14079.521763
11077.0,14079.521850
11200.0,14079.521933
11309.0,14079.522018
11448.0,14079.522102
10966.0,14079.522187
10917.0,14079.522273
11171.0,14079.522362
11210.0,14079.522444
10966.0,14104.034644
11147.0,14104.034733
11448.0,14104.034818
11309.0,14104.034903
11171.0,14104.034988
11072.0,14104.035071
11210.0,14104.035154
11077.0,14104.035239
10917.0,14104.035322
11200.0,14104.035409
10917.0,14205.661822
11200.0,14205.661913
11077.0,14205.661999
11147.0,14205.662084
10966.0,14205.662169
11309.0,14205.662256
11448.0,14205.662340
11210.0,14205.662422
11072.0,14205.662506
11171.0,14205.662590
11448.0,14338.004626
11077.0,14338.004716
11171.0,14338.004802
10966.0,14338.004888
11210.0,14338.004970
11309.0,14338.005055
11200.0,14338.005138
10917.0,14338.005222
11147.0,14338.005311
11072.0,14338.005395
11171.0,14434.239153
11072.0,14434.239241
11448.0,14434.239326
11147.0,14434.239410
10966.0,14434.239495
11077.0,14434.239580
10917.0,14434.239663
11200.0,14434.239751
11210.0,14434.239833
11309.0,14434.239917
11200.0,14487.800037
11171.0,14487.800126
11210.0,14487.800209
10917.0,14487.800292
11448.0,14487.800381
11147.0,14487.800465
11077.0,14487.800550
11309.0,14487.800634
11072.0,14487.800718
10966.0,14487.800803
11309.0,14510.917939
11448.0,14510.918030
11171.0,14510.918115
10966.0,14510.918204
11210.0,14510.918286
11072.0,14510.918371
11147.0,14510.918455
11077.0,14510.918541
10917.0,14510.918624
11200.0,14510.918711
11171.0,14541.027170
11072.0,14541.027258
11200.0,14541.027342
10917.0,14541.027424
11309.0,14541.027513
11210.0,14541.027595
11077.0,14541.027680
11448.0,14541.027765
11147.0,14541.027849
10966.0,14541.027934
10966.0,14548.715919
11147.0,14548.716009
11171.0,14548.716094
11072.0,14548.716179
11309.0,14548.716263
10917.0,14548.716346
11210.0,14548.716464
11077.0,14548.716549
11448.0,14548.716633
11200.0,14548.716716
11171.0,14556.602873
10917.0,14556.602961
11309.0,14556.603050
11200.0,14556.603134
11448.0,14556.603219
11147.0,14556.603303
10966.0,14556.603389
11210.0,14556.603471
11077.0,14556.603556
11072.0,14556.603640
11077.0,14631.217948
10966.0,14631.218040
10917.0,14631.218126
11200.0,14631.218219
11309.0,14631.218307
11210.0,14631.218393
11147.0,14631.218481
11072.0,14631.218568
11448.0,14631.218656
11171.0,14631.218743
11210.0,14808.343092
11147.0,14808.343181
11171.0,14808.343267
10917.0,14808.343350
11448.0,14808.343438
11072.0,14808.343522
10966.0,14808.343607
11200.0,14808.343690
11077.0,14808.343774
11309.0,14808.343858
11309.0,14821.473835
10917.0,14821.473922
10966.0,14821.474011
11210.0,14821.474094
11171.0,14821.474179
11147.0,14821.474266
11077.0,14821.474351
11200.0,14821.474434
11448.0,14821.474518
11072.0,14821.474602
10966.0,14846.061354
11200.0,14846.061442
11309.0,14846.061527
10917.0,14846.061610
11147.0,14846.061699
11448.0,14846.061784
11171.0,14846.061869
11077.0,14846.061955
11210.0,14846.062036
11072.0,14846.062120
11077.0,14997.999349
11210.0,14997.999435
11147.0,14997.999520
11072.0,14997.999604
11171.0,14997.999689
10917.0,14997.999772
11309.0,14997.999860
11200.0,14997.999943
10966.0,14998.000028
11448.0,14998.000112
10917.0,15008.096594
11077.0,15008.096689
10966.0,15008.096775
11309.0,15008.096860
11171.0,15008.096944
11200.0,15008.097028
11072.0,15008.097112
11147.0,15008.097196
11210.0,15008.097278
11448.0,15008.097363
11171.0,15014.352324
11147.0,15014.352413
11448.0,15014.352498
10917.0,15014.352581
11072.0,15014.352669
10966.0,15014.352754
11210.0,15014.352836
11077.0,15014.352921
11309.0,15014.353005
11200.0,15014.353088
10917.0,15100.538481
11210.0,15100.538571
11077.0,15100.538657
11448.0,15100.538742
10966.0,15100.538828
11147.0,15100.538912
11072.0,15100.538996
11171.0,15100.539081
11309.0,15100.539166
11200.0,15100.539248
11200.0,15266.346308
11077.0,15266.346398
11448.0,15266.346483
11072.0,15266.346567
11147.0,15266.346652
10917.0,15266.346735
11309.0,15266.346824
11171.0,15266.346909
10966.0,15266.346994
11210.0,15266.347076
11210.0,15299.646424
11147.0,15299.646514
10917.0,15299.646599
10966.0,15299.646688
11200.0,15299.646772
11077.0,15299.646858
11448.0,15299.646942
11309.0,15299.647027
11171.0,15299.647112
11072.0,15299.647196
11210.0,15344.782620
10917.0,15344.782708
11309.0,15344.782797
11077.0,15344.782882
11200.0,15344.782967
11072.0,15344.783051
11171.0,15344.783136
10966.0,15344.783222
11448.0,15344.783306
11147.0,15344.783390
11448.0,15381.978185
11309.0,15381.978281
11210.0,15381.978364
11072.0,15381.978448
11147.0,15381.978533
10966.0,15381.978618
11171.0,15381.978703
10917.0,15381.978786
11200.0,15381.978873
11077.0,15381.978958
11171.0,15392.592918
10966.0,15392.593008
11200.0,15392.593092
11448.0,15392.593176
11309.0,15392.593261
11072.0,15392.593345
11147.0,15392.593429
11077.0,15392.593514
10917.0,15392.593597
11210.0,15392.593683
11210.0,15402.684675
10966.0,15402.684765
11448.0,15402.684851
11171.0,15402.684936
11147.0,15402.685021
10917.0,15402.685104
11200.0,15402.685192
11309.0,15402.685276
11072.0,15402.685359
11077.0,15402.685444
10917.0,15571.021482
11147.0,15571.021578
11210.0,15571.021664
11200.0,15571.021751
11072.0,15571.021838
11309.0,15571.021926
11448.0,15571.022014
11077.0,15571.022102
10966.0,15571.022193
11171.0,15571.022281
10917.0,15582.301758
11077.0,15582.301854
11147.0,15582.301943
11072.0,15582.302030
10966.0,15582.302118
11448.0,15582.302210
11210.0,15582.302296
11309.0,15582.302383
11171.0,15582.302471
11200.0,15582.302557
11200.0,15588.861694
11210.0,15588.861780
11072.0,15588.861865
11147.0,15588.861950
11077.0,15588.862036
10917.0,15588.862119
10966.0,15588.862210
11448.0,15588.862295
11171.0,15588.862380
11309.0,15588.862464
11448.0,15592.398857
11200.0,15592.398946
11072.0,15592.399030
11077.0,15592.399115
10966.0,15592.399201
11210.0,15592.399283
10917.0,15592.399367
11171.0,15592.399456
11309.0,15592.399541
11147.0,15592.399625
11171.0,15682.965005
10966.0,15682.965131
11448.0,15682.965220
10917.0,15682.965307
11210.0,15682.965397
11072.0,15682.965484
11147.0,15682.965571
11077.0,15682.965659
11200.0,15682.965745
11309.0,15682.965832
11309.0,15691.621392
10917.0,15691.621482
11210.0,15691.621572
11077.0,15691.621661
11072.0,15691.621748
11147.0,15691.621836
11448.0,15691.621924
10966.0,15691.622013
11171.0,15691.622101
11200.0,15691.622188
10966.0,15708.653611
11077.0,15708.653701
11171.0,15708.653787
11200.0,15708.653870
11210.0,15708.653953
11147.0,15708.654037
11448.0,15708.654123
11309.0,15708.654209
11072.0,15708.654294
10917.0,15708.654377
11200.0,15728.928321
11448.0,15728.928412
11210.0,15728.928494
11147.0,15728.928580
11309.0,15728.928665
11171.0,15728.928749
10917.0,15728.928832
11072.0,15728.928920
10966.0,15728.929005
11077.0,15728.929090
11147.0,15743.184253
11200.0,15743.184340
10917.0,15743.184424
11077.0,15743.184513
11210.0,15743.184596
11448.0,15743.184681
11171.0,15743.184766
11309.0,15743.184850
11072.0,15743.184934
10966.0,15743.185020
10966.0,15778.733369
11072.0,15778.733458
11448.0,15778.733543
11200.0,15778.733627
10917.0,15778.733710
11210.0,15778.733796
11171.0,15778.733881
11309.0,15778.733966
11147.0,15778.734051
11077.0,15778.734135
10917.0,15789.376451
10966.0,15789.376545
11077.0,15789.376631
11072.0,15789.376715
11200.0,15789.376799
11147.0,15789.376883
11210.0,15789.376965
11171.0,15789.377050
11309.0,15789.377134
11448.0,15789.377219
11171.0,16795.490341
10917.0,16795.490429
11077.0,16795.490519
11072.0,16795.490604
11200.0,16795.490687
11210.0,16795.490769
11448.0,16795.490853
11147.0,16795.490937
10966.0,16795.491022
11309.0,16795.491106
11147.0,16802.460510
11448.0,16802.460601
11200.0,16802.460687
11072.0,16802.460774
10917.0,16802.460860
11309.0,16802.460952
11171.0,16802.461039
10966.0,16802.461127
11077.0,16802.461215
11210.0,16802.461300
10917.0,16852.763356
11147.0,16852.763450
10966.0,16852.763537
11072.0,16852.763621
11200.0,16852.763704
11448.0,16852.763790
11210.0,16852.763872
11077.0,16852.763957
11171.0,16852.764041
11309.0,16852.764124
11147.0,16856.286510
11072.0,16856.286598
11210.0,16856.286682
11077.0,16856.286767
11171.0,16856.286852
10917.0,16856.286936
10966.0,16856.287025
11448.0,16856.287110
11309.0,16856.287194
11200.0,16856.287278
11077.0,16896.645495
11448.0,16896.645583
11072.0,16896.645667
11147.0,16896.645752
11200.0,16896.645835
11309.0,16896.645919
10917.0,16896.646003
11171.0,16896.646091
10966.0,16896.646176
11210.0,16896.646260
11072.0,16910.713249
10966.0,16910.713338
10917.0,16910.713421
11171.0,16910.713510
11210.0,16910.713592
11077.0,16910.713678
11147.0,16910.713762
11200.0,16910.713845
11448.0,16910.713929
11309.0,16910.714013
11072.0,17060.084806
11171.0,17060.084898
11147.0,17060.084987
10966.0,17060.085075
11309.0,17060.085161
11448.0,17060.085249
11210.0,17060.085334
10917.0,17060.085421
11077.0,17060.085513
11200.0,17060.085599
11147.0,17186.841023
11448.0,17186.841112
11309.0,17186.841197
10917.0,17186.841281
11200.0,17186.841369
11210.0,17186.841451
11077.0,17186.841536
11072.0,17186.841620
11171.0,17186.841705
10966.0,17186.841790
11171.0,17216.755275
10917.0,17216.755362
10966.0,17216.755452
11072.0,17216.755536
11077.0,17216.755622
11210.0,17216.755704
11309.0,17216.755789
11147.0,17216.755873
11448.0,17216.755958
11200.0,17216.756041
10966.0,17257.000457
11072.0,17257.000545
11200.0,17257.000630
10917.0,17257.000713
11309.0,17257.000801
11210.0,17257.000883
11448.0,17257.000969
11147.0,17257.001053
11077.0,17257.001138
11171.0,17257.001223
11210.0,17263.591747
11077.0,17263.591836
11200.0,17263.591920
10966.0,17263.592005
11072.0,17263.592090
11147.0,17263.592174
11309.0,17263.592258
11448.0,17263.592343
11171.0,17263.592427
10917.0,17263.592510
11309.0,17591.149236
11210.0,17591.149323
11077.0,17591.149409
11072.0,17591.149493
11171.0,17591.149578
10917.0,17591.149661
11448.0,17591.149749
10966.0,17591.149834
11147.0,17591.149919
11200.0,17591.150002
11147.0,17613.195709
11309.0,17613.195797
11171.0,17613.195883
11448.0,17613.195968
10917.0,17613.196051
11072.0,17613.196139
11210.0,17613.196254
11077.0,17613.196340
10966.0,17613.196426
11200.0,17613.196509
11309.0,17618.793930
10917.0,17618.794018
10966.0,17618.794108
11147.0,17618.794195
11448.0,17618.794280
11210.0,17618.794363
11077.0,17618.794449
11072.0,17618.794533
11171.0,17618.794618
11200.0,17618.794701
11077.0,17788.206291
11200.0,17788.206382
10917.0,17788.206469
11171.0,17788.206562
11147.0,17788.206650
11309.0,17788.206738
11448.0,17788.206827
11210.0,17788.206914
10966.0,17788.207003
11072.0,17788.207090
11072.0,17836.792629
11147.0,17836.792717
11171.0,17836.792803
10966.0,17836.792888
11210.0,17836.792971
11309.0,17836.793054
10917.0,17836.793137
11448.0,17836.793226
11077.0,17836.793311
11200.0,17836.793394
11147.0,17874.506868
11171.0,17874.506961
11200.0,17874.507048
11210.0,17874.507134
10917.0,17874.507220
11072.0,17874.507312
11309.0,17874.507399
11077.0,17874.507487
11448.0,17874.507574
10966.0,17874.507663
10966.0,17954.626539
11147.0,17954.626630
11072.0,17954.626719
11448.0,17954.626807
10917.0,17954.626893
11077.0,17954.626985
11210.0,17954.627071
11309.0,17954.627159
11200.0,17954.627246
11171.0,17954.627333
11147.0,17984.547510
11171.0,17984.547599
11448.0,17984.547684
11210.0,17984.547768
11309.0,17984.547853
10966.0,17984.547938
11077.0,17984.548024
11072.0,17984.548108
11200.0,17984.548192
10917.0,17984.548275
11171.0,18010.640397
10917.0,18010.640485
11147.0,18010.640574
11448.0,18010.640659
11210.0,18010.640742
11072.0,18010.640826
10966.0,18010.640911
11077.0,18010.640995
11200.0,18010.641078
11309.0,18010.641162
11210.0,18024.578026
11171.0,18024.578115
10917.0,18024.578202
11200.0,18024.578290
11309.0,18024.578375
11072.0,18024.578459
11147.0,18024.578544
11448.0,18024.578629
11077.0,18024.578714
10966.0,18024.578800
11077.0,18138.942207
11448.0,18138.942299
11072.0,18138.942386
11171.0,18138.942475
11200.0,18138.942562
11147.0,18138.942649
10966.0,18138.942748
11210.0,18138.942830
11309.0,18138.942914
10917.0,18138.942997
11171.0,18252.972222
11147.0,18252.972314
11210.0,18252.972399
11309.0,18252.972486
10917.0,18252.972572
11448.0,18252.972663
11072.0,18252.972750
11077.0,18252.972838
11200.0,18252.972924
10966.0,18252.973012
11147.0,18262.539002
11072.0,18262.539091
11077.0,18262.539177
11200.0,18262.539260
10966.0,18262.539345
11448.0,18262.539430
11210.0,18262.539512
10917.0,18262.539595
11171.0,18262.539684
11309.0,18262.539768
11200.0,18268.084029
10917.0,18268.084119
11210.0,18268.084209
11072.0,18268.084296
11448.0,18268.084384
11171.0,18268.084472
10966.0,18268.084560
11077.0,18268.084648
11309.0,18268.084735
11147.0,18268.084823
11448.0,18294.199819
11309.0,18294.199908
11171.0,18294.199994
10966.0,18294.200080
11200.0,18294.200163
10917.0,18294.200247
11072.0,18294.200335
11210.0,18294.200417
11147.0,18294.200502
11077.0,18294.200587
11210.0,18297.697145
11171.0,18297.697236
11072.0,18297.697321
10966.0,18297.697407
11309.0,18297.697492
11147.0,18297.697576
11200.0,18297.697660
10917.0,18297.697743
11077.0,18297.697832
11448.0,18297.697917
11309.0,18299.357153
11147.0,18299.357241
11200.0,18299.357325
10966.0,18299.357411
10917.0,18299.357495
11171.0,18299.357584
11448.0,18299.357669
11072.0,18299.357754
11077.0,18299.357838
11210.0,18299.357921
10917.0,18361.650727
11171.0,18361.650823
11210.0,18361.650909
11077.0,18361.650998
11072.0,18361.651085
10966.0,18361.651174
11309.0,18361.651261
11147.0,18361.651349
11448.0,18361.651436
11200.0,18361.651522
11147.0,18372.919652
10917.0,18372.919740
11072.0,18372.919829
11309.0,18372.919914
11448.0,18372.919999
11210.0,18372.920081
11171.0,18372.920166
10966.0,18372.920252
11200.0,18372.920335
11077.0,18372.920421
11072.0,18421.492753
11200.0,18421.492841
10966.0,18421.492927
11309.0,18421.493012
11077.0,18421.493097
11147.0,18421.493182
11171.0,18421.493267
11448.0,18421.493351
10917.0,18421.493434
11210.0,18421.493520
10966.0,18431.840552
11147.0,18431.840639
11309.0,18431.840724
11200.0,18431.840808
11077.0,18431.840893
11171.0,18431.840979
11072.0,18431.841063
11210.0,18431.841145
11448.0,18431.841229
10917.0,18431.841312
11448.0,18441.256211
11309.0,18441.256333
11210.0,18441.256416
10966.0,18441.256502
11147.0,18441.256587
11077.0,18441.256673
10917.0,18441.256757
11171.0,18441.256847
11200.0,18441.256930
11072.0,18441.257014
11072.0,18458.077805
11171.0,18458.077895
11200.0,18458.077979
10917.0,18458.078061
10966.0,18458.078150
11448.0,18458.078238
11147.0,18458.078322
11077.0,18458.078407
11309.0,18458.078491
11210.0,18458.078573
11309.0,18496.970145
10917.0,18496.970235
11072.0,18496.970323
11448.0,18496.970409
11210.0,18496.970492
11077.0,18496.970578
11200.0,18496.970662
11147.0,18496.970746
10966.0,18496.970831
11171.0,18496.970916
11171.0,18519.244922
11077.0,18519.245013
11210.0,18519.245095
11448.0,18519.245180
10966.0,18519.245266
10917.0,18519.245350
11309.0,18519.245438
11147.0,18519.245523
11072.0,18519.245606
11200.0,18519.245690
11147.0,18526.956606
10917.0,18526.956695
11200.0,18526.956786
11077.0,18526.956874
11072.0,18526.956961
11210.0,18526.957046
11171.0,18526.957135
11309.0,18526.957223
10966.0,18526.957311
11448.0,18526.957398
11309.0,18539.897228
10966.0,18539.897318
10917.0,18539.897402
11171.0,18539.897491
11077.0,18539.897576
11448.0,18539.897660
11210.0,18539.897743
11200.0,18539.897825
11147.0,18539.897910
11072.0,18539.897994
11309.0,18543.398872
11200.0,18543.398960
11448.0,18543.399045
11171.0,18543.399130
11147.0,18543.399215
11077.0,18543.399300
10966.0,18543.399386
10917.0,18543.399469
11072.0,18543.399557
11210.0,18543.399639
11171.0,18577.278172
11147.0,18577.278267
11200.0,18577.278354
11309.0,18577.278443
11210.0,18577.278529
11448.0,18577.278617
10917.0,18577.278704
11072.0,18577.278796
11077.0,18577.278884
10966.0,18577.278972
11147.0,18588.478811
10917.0,18588.478899
11210.0,18588.478986
11077.0,18588.479072
11200.0,18588.479156
11171.0,18588.479242
11309.0,18588.479326
11448.0,18588.479411
10966.0,18588.479496
11072.0,18588.479581
11171.0,18633.467189
11072.0,18633.467277
10917.0,18633.467361
11210.0,18633.467447
10966.0,18633.467533
11147.0,18633.467617
11309.0,18633.467702
11077.0,18633.467786
11200.0,18633.467869
11448.0,18633.467954
10966.0,18651.122000
11072.0,18651.122091
11309.0,18651.122179
11077.0,18651.122271
11210.0,18651.122355
11448.0,18651.122443
11200.0,18651.122529
10917.0,18651.122616
11147.0,18651.122707
11171.0,18651.122794
11200.0,18655.622675
11309.0,18655.622764
11072.0,18655.622849
11210.0,18655.622932
10917.0,18655.623015
10966.0,18655.623105
11147.0,18655.623190
11448.0,18655.623275
11077.0,18655.623359
11171.0,18655.623445
11200.0,18661.638283
11072.0,18661.638372
11448.0,18661.638458
10966.0,18661.638543
10917.0,18661.638627
11210.0,18661.638713
11077.0,18661.638799
11147.0,18661.638883
11171.0,18661.638968
11309.0,18661.639053
11077.0,18677.460169
11147.0,18677.460257
11171.0,18677.460343
11210.0,18677.460426
11200.0,18677.460509
10917.0,18677.460593
11448.0,18677.460682
11072.0,18677.460766
11309.0,18677.460850
10966.0,18677.460935
11147.0,18765.139464
11448.0,18765.139554
10917.0,18765.139639
11072.0,18765.139727
10966.0,18765.139813
11309.0,18765.139897
11200.0,18765.139980
11171.0,18765.140066
11077.0,18765.140151
11210.0,18765.140233
11200.0,18784.413843
11147.0,18784.413939
11077.0,18784.414032
11171.0,18784.414124
11210.0,18784.414216
10917.0,18784.414306
10966.0,18784.414402
11448.0,18784.414494
11072.0,18784.414584
11309.0,18784.414675
11448.0,18791.197759
11072.0,18791.197847
11077.0,18791.197933
10966.0,18791.198018
11210.0,18791.198100
10917.0,18791.198183
11147.0,18791.198275
11171.0,18791.198360
11200.0,18791.198444
11309.0,18791.198527
11077.0,18806.091826
11072.0,18806.091917
10966.0,18806.092007
10917.0,18806.092094
11200.0,18806.092185
11171.0,18806.092273
11210.0,18806.092359
11147.0,18806.092446
11448.0,18806.092533
11309.0,18806.092620
11210.0,18812.017273
11147.0,18812.017363
11200.0,18812.017447
11072.0,18812.017531
11077.0,18812.017616
11309.0,18812.017700
11171.0,18812.017785
11448.0,18812.017869
10917.0,18812.017951
10966.0,18812.018040
11171.0,18883.096549
11210.0,18883.096636
11072.0,18883.096721
11077.0,18883.096806
11200.0,18883.096890
11147.0,18883.096975
10966.0,18883.097087
11309.0,18883.097172
11448.0,18883.097257
10917.0,18883.097340
11072.0,18901.506535
11171.0,18901.506625
11309.0,18901.506710
11147.0,18901.506794
11200.0,18901.506877
11210.0,18901.506959
11448.0,18901.507044
10917.0,18901.507126
11077.0,18901.507215
10966.0,18901.507300
11200.0,18945.121347
11077.0,18945.121436
10966.0,18945.121522
11309.0,18945.121606
11147.0,18945.121691
11171.0,18945.121776
11210.0,18945.121858
11448.0,18945.121942
11072.0,18945.122026
10917.0,18945.122109
10917.0,18953.485362
10966.0,18953.485454
11147.0,18953.485540
11072.0,18953.485624
11171.0,18953.485710
11210.0,18953.485791
11077.0,18953.485877
11309.0,18953.485961
11200.0,18953.486045
11448.0,18953.486129
11072.0,18957.477730
11309.0,18957.477819
11210.0,18957.477902
10917.0,18957.477985
10966.0,18957.478075
11171.0,18957.478160
11448.0,18957.478247
11200.0,18957.478331
11147.0,18957.478415
11077.0,18957.478500
11200.0,19009.178527
11077.0,19009.178620
10917.0,19009.178707
11171.0,19009.178799
11309.0,19009.178886
11072.0,19009.178973
11210.0,19009.179057
11448.0,19009.179145
10966.0,19009.179233
11147.0,19009.179320
11147.0,19062.886670
11210.0,19062.886761
11309.0,19062.886849
10966.0,19062.886937
11448.0,19062.887025
11200.0,19062.887112
11077.0,19062.887200
11171.0,19062.887288
11072.0,19062.887375
10917.0,19062.887461
11309.0,19094.202424
11147.0,19094.202514
10917.0,19094.202598
11072.0,19094.202687
11171.0,19094.202772
11448.0,19094.202856
11210.0,19094.202939
11200.0,19094.203022
10966.0,19094.203107
11077.0,19094.203193
11077.0,19106.412561
10917.0,19106.412650
11200.0,19106.412742
11309.0,19106.412829
10966.0,19106.412918
11171.0,19106.413006
11448.0,19106.413094
11210.0,19106.413179
11072.0,19106.413266
11147.0,19106.413353
11309.0,19111.400433
10917.0,19111.400520
10966.0,19111.400610
11200.0,19111.400694
11072.0,19111.400779
11171.0,19111.400864
11448.0,19111.400949
11147.0,19111.401034
11210.0,19111.401117
11077.0,19111.401202
11448.0,19121.302585
11147.0,19121.302674
11309.0,19121.302759
10966.0,19121.302845
11077.0,19121.302930
11200.0,19121.303013
10917.0,19121.303096
11171.0,19121.303185
11210.0,19121.303267
11072.0,19121.303351
11147.0,19143.209354
11448.0,19143.209446
10966.0,19143.209534
11309.0,19143.209622
11210.0,19143.209707
11171.0,19143.209795
11077.0,19143.209883
10917.0,19143.209969
11072.0,19143.210060
11200.0,19143.210145
10966.0,19147.857857
11171.0,19147.857948
11309.0,19147.858033
11077.0,19147.858118
11200.0,19147.858204
10917.0,19147.858288
11147.0,19147.858377
11072.0,19147.858461
11448.0,19147.858546
11210.0,19147.858628
11072.0,19272.361271
11309.0,19272.361359
11210.0,19272.361442
11448.0,19272.361527
11147.0,19272.361612
10966.0,19272.361697
11171.0,19272.361782
11200.0,19272.361865
10917.0,19272.361949
11077.0,19272.362037
11309.0,19377.190343
11210.0,19377.190430
11147.0,19377.190516
10917.0,19377.190600
11448.0,19377.190689
11200.0,19377.190772
10966.0,19377.190857
11171.0,19377.190942
11077.0,19377.191026
11072.0,19377.191110
11147.0,19384.956320
11448.0,19384.956409
11171.0,19384.956495
11072.0,19384.956579
11077.0,19384.956665
10917.0,19384.956748
11309.0,19384.956836
11200.0,19384.956920
10966.0,19384.957004
11210.0,19384.957087
11448.0,19404.776528
11171.0,19404.776617
11072.0,19404.776701
11210.0,19404.776784
10966.0,19404.776870
10917.0,19404.776953
11200.0,19404.777041
11077.0,19404.777126
11147.0,19404.777211
11309.0,19404.777295
11210.0,19438.116242
10917.0,19438.116332
11147.0,19438.116425
10966.0,19438.116514
11072.0,19438.116602
11171.0,19438.116690
11309.0,19438.116777
11077.0,19438.116866
11200.0,19438.116953
11448.0,19438.117041
11072.0,21000.155648
10917.0,21000.155736
11200.0,21000.155824
11448.0,21000.155909
11309.0,21000.155994
11147.0,21000.156079
10966.0,21000.156164
11171.0,21000.156248
11077.0,21000.156333
11210.0,21000.156415
11072.0,21012.588574
11309.0,21012.588662
11147.0,21012.588747
10917.0,21012.588830
10966.0,21012.588920
11077.0,21012.589004
11200.0,21012.589087
11171.0,21012.589172
11448.0,21012.589257
11210.0,21012.589339
10966.0,21050.506726
11200.0,21050.506852
11171.0,21050.506941
11448.0,21050.507029
10917.0,21050.507115
11077.0,21050.507207
11147.0,21050.507295
11210.0,21050.507380
11309.0,21050.507467
11072.0,21050.507554
11210.0,24158.619567
11171.0,24158.619656
11200.0,24158.619740
11072.0,24158.619825
11147.0,24158.619910
10966.0,24158.619995
10917.0,24158.620078
11077.0,24158.620168
11309.0,24158.620252
11448.0,24158.620337
11200.0,24168.164785
11072.0,24168.164873
11448.0,24168.164958
10917.0,24168.165041
11077.0,24168.165131
11210.0,24168.165213
10966.0,24168.165298
11309.0,24168.165382
11171.0,24168.165467
11147.0,24168.165551
11309.0,24203.775959
11210.0,24203.776049
10966.0,24203.776138
11072.0,24203.776226
11171.0,24203.776314
11147.0,24203.776401
10917.0,24203.776488
11448.0,24203.776580
11077.0,24203.776668
11200.0,24203.776753
11448.0,24247.737857
11210.0,24247.737947
11200.0,24247.738034
11171.0,24247.738123
10917.0,24247.738213
11072.0,24247.738305
11077.0,24247.738393
11309.0,24247.738481
10966.0,24247.738570
11147.0,24247.738658
10917.0,24266.618875
10966.0,24266.618971
11077.0,24266.619060
11171.0,24266.619149
11200.0,24266.619235
11448.0,24266.619323
11309.0,24266.619411
11210.0,24266.619496
11147.0,24266.619584
11072.0,24266.619670
11210.0,24271.062019
11072.0,24271.062107
11077.0,24271.062195
10966.0,24271.062281
11448.0,24271.062365
11200.0,24271.062449
11147.0,24271.062533
10917.0,24271.062616
11309.0,24271.062704
11171.0,24271.062788
11171.0,24373.554462
11448.0,24373.554550
11210.0,24373.554633
11077.0,24373.554718
10917.0,24373.554802
10966.0,24373.554891
11147.0,24373.554975
11072.0,24373.555059
11309.0,24373.555142
11200.0,24373.555225
11448.0,24414.498627
11210.0,24414.498716
11147.0,24414.498804
11077.0,24414.498893
11309.0,24414.498981
11200.0,24414.499067
11171.0,24414.499156
11072.0,24414.499242
10917.0,24414.499329
10966.0,24414.499421
10917.0,24418.478058
10966.0,24418.478151
11171.0,24418.478240
11210.0,24418.478323
11072.0,24418.478408
11147.0,24418.478493
11077.0,24418.478577
11309.0,24418.478662
11448.0,24418.478746
11200.0,24418.478830
10966.0,24815.816137
11448.0,24815.816227
11072.0,24815.816311
11309.0,24815.816395
11171.0,24815.816481
11147.0,24815.816565
11200.0,24815.816649
10917.0,24815.816732
11210.0,24815.816818
11077.0,24815.816903
11147.0,24828.268067
10917.0,24828.268154
11171.0,24828.268244
11309.0,24828.268329
11200.0,24828.268412
11077.0,24828.268497
11210.0,24828.268579
11072.0,24828.268663
11448.0,24828.268748
10966.0,24828.268833
11072.0,25177.337865
11448.0,25177.337956
11147.0,25177.338042
11210.0,25177.338125
11077.0,25177.338213
11200.0,25177.338296
11171.0,25177.338381
10966.0,25177.338467
10917.0,25177.338550
11309.0,25177.338638
11309.0,25184.789705
11210.0,25184.789795
10917.0,25184.789882
11200.0,25184.789973
11147.0,25184.790062
11072.0,25184.790149
10966.0,25184.790241
11171.0,25184.790329
11448.0,25184.790417
11077.0,25184.790505
11200.0,25203.138456
11147.0,25203.138545
11072.0,25203.138629
10917.0,25203.138713
11077.0,25203.138802
11171.0,25203.138888
11448.0,25203.138973
11309.0,25203.139057
11210.0,25203.139139
10966.0,25203.139224
10966.0,25212.651973
11072.0,25212.652063
11147.0,25212.652152
11077.0,25212.652241
11309.0,25212.652329
11448.0,25212.652416
10917.0,25212.652503
11171.0,25212.652595
11210.0,25212.652680
11200.0,25212.652766
10917.0,25247.528353
11072.0,25247.528448
11077.0,25247.528537
11448.0,25247.528625
11171.0,25247.528713
10966.0,25247.528802
11210.0,25247.528886
11147.0,25247.528973
11309.0,25247.529060
11200.0,25247.529146
11147.0,25366.477072
11448.0,25366.477162
10966.0,25366.477248
11309.0,25366.477332
11200.0,25366.477416
11077.0,25366.477501
11210.0,25366.477583
11171.0,25366.477668
10917.0,25366.477750
11072.0,25366.477838
11309.0,25415.362592
11072.0,25415.362682
11171.0,25415.362767
11448.0,25415.362853
10917.0,25415.362936
11077.0,25415.363026
11147.0,25415.363110
10966.0,25415.363195
11200.0,25415.363278
11210.0,25415.363361
10917.0,25453.260552
11210.0,25453.260645
11448.0,25453.260734
11147.0,25453.260822
11077.0,25453.260911
11309.0,25453.260999
11171.0,25453.261118
10966.0,25453.261207
11200.0,25453.261294
11072.0,25453.261381
11147.0,25473.541345
11309.0,25473.541436
11210.0,25473.541522
11171.0,25473.541610
11200.0,25473.541697
10966.0,25473.541785
11448.0,25473.541873
11072.0,25473.541961
10917.0,25473.542047
11077.0,25473.542139
11171.0,25521.357996
11200.0,25521.358083
10917.0,25521.358168
11147.0,25521.358259
10966.0,25521.358345
11072.0,25521.358429
11309.0,25521.358514
11077.0,25521.358600
11448.0,25521.358685
11210.0,25521.358767
11147.0,25531.983605
11200.0,25531.983696
11448.0,25531.983785
11072.0,25531.983873
11077.0,25531.983962
10966.0,25531.984050
11171.0,25531.984139
11309.0,25531.984226
10917.0,25531.984312
11210.0,25531.984401
11077.0,25538.137212
11448.0,25538.137302
10966.0,25538.137387
10917.0,25538.137470
11171.0,25538.137559
11072.0,25538.137643
11309.0,25538.137728
11200.0,25538.137811
11210.0,25538.137893
11147.0,25538.137977
11309.0,25587.907079
11448.0,25587.907176
11072.0,25587.907268
11147.0,25587.907358
11077.0,25587.907450
10966.0,25587.907542
11210.0,25587.907632
11171.0,25587.907724
11200.0,25587.907814
10917.0,25587.907904
11309.0,25606.321035
11448.0,25606.321124
11200.0,25606.321208
11072.0,25606.321292
10966.0,25606.321377
11147.0,25606.321462
11210.0,25606.321544
10917.0,25606.321627
11077.0,25606.321716
11171.0,25606.321801
11077.0,25639.903664
11210.0,25639.903751
10966.0,25639.903837
11171.0,25639.903922
11200.0,25639.904005
11448.0,25639.904090
11072.0,25639.904174
11309.0,25639.904258
11147.0,25639.904342
10917.0,25639.904425
11171.0,25645.518779
10917.0,25645.518868
11448.0,25645.518957
11309.0,25645.519042
10966.0,25645.519127
11072.0,25645.519212
11200.0,25645.519295
11147.0,25645.519379
11077.0,25645.519465
11210.0,25645.519547
11309.0,25795.803675
10917.0,25795.803767
11200.0,25795.803855
11147.0,25795.803941
10966.0,25795.804026
11077.0,25795.804111
11171.0,25795.804196
11210.0,25795.804279
11448.0,25795.804363
11072.0,25795.804448
10966.0,25848.032875
11072.0,25848.032967
11200.0,25848.033055
11171.0,25848.033143
11448.0,25848.033232
11210.0,25848.033317
10917.0,25848.033403
11309.0,25848.033495
11077.0,25848.033583
11147.0,25848.033671
11309.0,25868.438079
11200.0,25868.438167
10966.0,25868.438255
11147.0,25868.438341
11210.0,25868.438423
10917.0,25868.438507
11072.0,25868.438595
11171.0,25868.438681
11077.0,25868.438766
11448.0,25868.438851
10917.0,25940.708253
11200.0,25940.708347
11077.0,25940.708436
11072.0,25940.708522
10966.0,25940.708611
11147.0,25940.708699
11171.0,25940.708788
11210.0,25940.708873
11448.0,25940.708961
11309.0,25940.709049
11200.0,25945.217334
11077.0,25945.217426
11072.0,25945.217514
11171.0,25945.217602
10917.0,25945.217689
10966.0,25945.217782
11210.0,25945.217867
11147.0,25945.217955
11309.0,25945.218043
11448.0,25945.218130
11072.0,25966.432833
10917.0,25966.432923
11147.0,25966.433016
11210.0,25966.433102
11200.0,25966.433189
11448.0,25966.433277
10966.0,25966.433366
11309.0,25966.433454
11077.0,25966.433542
11171.0,25966.433630
11309.0,26012.342545
11210.0,26012.342636
11448.0,26012.342724
11072.0,26012.342812
11147.0,26012.342900
11077.0,26012.342988
10917.0,26012.343075
11200.0,26012.343166
11171.0,26012.343254
10966.0,26012.343342
10917.0,26149.357576
11200.0,26149.357668
11309.0,26149.357753
11448.0,26149.357838
11147.0,26149.357924
11210.0,26149.358006
11077.0,26149.358091
11171.0,26149.358177
10966.0,26149.358264
11072.0,26149.358348
11171.0,26175.258915
11309.0,26175.259005
11210.0,26175.259088
10966.0,26175.259174
11200.0,26175.259258
11448.0,26175.259343
11072.0,26175.259427
11147.0,26175.259512
10917.0,26175.259595
11077.0,26175.259684
11200.0,26195.469942
11171.0,26195.470030
11147.0,26195.470116
11210.0,26195.470201
11448.0,26195.470287
10966.0,26195.470372
10917.0,26195.470455
11309.0,26195.470544
11072.0,26195.470627
11077.0,26195.470713
11309.0,26233.587694
11072.0,26233.587784
11448.0,26233.587873
11200.0,26233.587960
11171.0,26233.588049
11077.0,26233.588138
10966.0,26233.588225
10917.0,26233.588312
11147.0,26233.588404
11210.0,26233.588489
11200.0,27791.445882
11147.0,27791.446007
11210.0,27791.446092
11077.0,27791.446178
11309.0,27791.446266
11448.0,27791.446352
11072.0,27791.446435
10966.0,27791.446521
11171.0,27791.446607
10917.0,27791.446690
11200.0,27800.778362
10966.0,27800.778454
11210.0,27800.778541
11072.0,27800.778628
11448.0,27800.778717
11309.0,27800.778805
10917.0,27800.778891
11147.0,27800.778983
11077.0,27800.779070
11171.0,27800.779159
10917.0,27807.191865
11171.0,27807.191963
11448.0,27807.192051
10966.0,27807.192141
11072.0,27807.192228
11147.0,27807.192317
11200.0,27807.192403
11077.0,27807.192491
11210.0,27807.192576
11309.0,27807.192663
11309.0,27819.629603
11171.0,27819.629694
10917.0,27819.629777
10966.0,27819.629866
11200.0,27819.629949
11448.0,27819.630034
11077.0,27819.630120
11147.0,27819.630208
11072.0,27819.630292
11210.0,27819.630374
10917.0,27822.807506
11309.0,27822.807603
11072.0,27822.807691
11448.0,27822.807779
11171.0,27822.807868
11200.0,27822.807955
11210.0,27822.808040
11147.0,27822.808127
11077.0,27822.808215
10966.0,27822.808304
10966.0,27877.033670
11077.0,27877.033760
11309.0,27877.033844
11171.0,27877.033929
11200.0,27877.034013
10917.0,27877.034097
11448.0,27877.034185
11072.0,27877.034272
11147.0,27877.034356
11210.0,27877.034438
11072.0,27921.040148
10966.0,27921.040238
11077.0,27921.040324
11147.0,27921.040409
11200.0,27921.040492
11448.0,27921.040577
11171.0,27921.040662
10917.0,27921.040746
11309.0,27921.040834
11210.0,27921.040917
10917.0,27971.803934
11072.0,27971.804026
11077.0,27971.804113
10966.0,27971.804199
11171.0,27971.804284
11210.0,27971.804367
11448.0,27971.804452
11309.0,27971.804536
11147.0,27971.804621
11200.0,27971.804704
11309.0,27975.505598
11147.0,27975.505689
11200.0,27975.505776
11077.0,27975.505865
11171.0,27975.505954
11448.0,27975.506042
11210.0,27975.506128
10917.0,27975.506216
11072.0,27975.506308
10966.0,27975.506396
10917.0,27988.002284
11309.0,27988.002383
11077.0,27988.002475
11200.0,27988.002564
11147.0,27988.002654
11171.0,27988.002746
11210.0,27988.002834
11072.0,27988.002924
10966.0,27988.003016
11448.0,27988.003106
11147.0,28011.622834
11072.0,28011.622924
10917.0,28011.623011
11309.0,28011.623103
11210.0,28011.623189
11077.0,28011.623277
11200.0,28011.623363
11448.0,28011.623451
11171.0,28011.623539
10966.0,28011.623628
 ... Executed in 28011.62 s, best_lb: 11200.0
